       5      40   1.20000000000000000E+03
   3.00000000000000000E+02
   3.03644525595500454E+02
   3.07245037609810936E+02
   3.10795827009722700E+02
   3.14290887967171841E+02
   3.17723905367307907E+02
   3.21088241839304601E+02
   3.24376924292668946E+02
   3.27582629941202526E+02
   3.30697671796151496E+02
   3.33713983609434763E+02
   3.36623104247179697E+02
   3.39416161473105433E+02
   3.42083855120586406E+02
   3.44616439631492028E+02
   3.47003705939142719E+02
   3.49234962671935818E+02
   3.51299016653384967E+02
   3.53184152673479048E+02
   3.54878112505397951E+02
   3.56368073140729962E+02
   3.66810896631184903E+02
   3.77559731155377278E+02
   3.88623543900471986E+02
   4.00011564823393030E+02
   4.11733294350891356E+02
   4.23798511305250713E+02
   4.36217281062244638E+02
   4.48999963948150423E+02
   4.62157223882823530E+02
   4.75700037276045691E+02
   4.89639702184565238E+02
   5.03987847737472748E+02
   5.18756443837770121E+02
   5.33957811148232508E+02
   5.49604631369887670E+02
   5.65709957821693138E+02
   5.82287226330232556E+02
   5.99350266438519498E+02
   6.16913312943257779E+02
   2.98000000000000000E+02
   3.01585918642310617E+02
   3.05126106315950153E+02
   3.08614803662286079E+02
   3.12045953053120627E+02
   3.15413186055545680E+02
   3.18709810418272752E+02
   3.21928796562158198E+02
   3.25062763557039432E+02
   3.28103964566377726E+02
   3.31044271740559282E+02
   3.33875160539039427E+02
   3.36587693460829598E+02
   3.39172503162113344E+02
   3.41619774939044248E+02
   3.43919228553017035E+02
   3.46060099374918195E+02
   3.48031118824051191E+02
   3.49820494076588773E+02
   3.51415887017540399E+02
   3.56368073140729962E+02
   3.66810896631184903E+02
   3.77559731155377278E+02
   3.88623543900471986E+02
   4.00011564823393030E+02
   4.11733294350891356E+02
   4.23798511305250713E+02
   4.36217281062244638E+02
   4.48999963948150423E+02
   4.62157223882823530E+02
   4.75700037276045691E+02
   4.89639702184565238E+02
   5.03987847737472748E+02
   5.18756443837770121E+02
   5.33957811148232508E+02
   5.49604631369887670E+02
   5.65709957821693138E+02
   5.82287226330232556E+02
   5.99350266438519498E+02
   6.16913312943257779E+02
   2.96000000000000000E+02
   2.99527311689120779E+02
   3.03007175022089370E+02
   3.06433780314849400E+02
   3.09801018139069413E+02
   3.13102466743783395E+02
   3.16331378997240847E+02
   3.19480668831647506E+02
   3.22542897172876337E+02
   3.25510257336604013E+02
   3.28374559871683800E+02
   3.31127216830899215E+02
   3.33759225448553707E+02
   3.36261151203640281E+02
   3.38623110246596525E+02
   3.40834751166891294E+02
   3.42885236077900629E+02
   3.44763220994717358E+02
   3.46456835479698498E+02
   3.47953661529682904E+02
   3.56368073140729962E+02
   3.66810896631184903E+02
   3.77559731155377278E+02
   3.88623543900471986E+02
   4.00011564823393030E+02
   4.11733294350891356E+02
   4.23798511305250713E+02
   4.36217281062244638E+02
   4.48999963948150423E+02
   4.62157223882823530E+02
   4.75700037276045691E+02
   4.89639702184565238E+02
   5.03987847737472748E+02
   5.18756443837770121E+02
   5.33957811148232508E+02
   5.49604631369887670E+02
   5.65709957821693138E+02
   5.82287226330232556E+02
   5.99350266438519498E+02
   6.16913312943257779E+02
   2.94000000000000000E+02
   2.97468704735930942E+02
   3.00888243728228645E+02
   3.04252756967412779E+02
   3.07556083225018142E+02
   3.10791747432021168E+02
   3.13952947576208999E+02
   3.17032541101136815E+02
   3.20023030788713243E+02
   3.22916550106830243E+02
   3.25704848002808319E+02
   3.28379273122758946E+02
   3.30930757436277815E+02
   3.33349799245167219E+02
   3.35626445554148745E+02
   3.37750273780765610E+02
   3.39710372780883006E+02
   3.41495323165383525E+02
   3.43093176882808223E+02
   3.46222548785754100E+02
   3.56368073140729962E+02
   3.66810896631184903E+02
   3.77559731155377278E+02
   3.88623543900471986E+02
   4.00011564823393030E+02
   4.11733294350891356E+02
   4.23798511305250713E+02
   4.36217281062244638E+02
   4.48999963948150423E+02
   4.62157223882823530E+02
   4.75700037276045691E+02
   4.89639702184565238E+02
   5.03987847737472748E+02
   5.18756443837770121E+02
   5.33957811148232508E+02
   5.49604631369887670E+02
   5.65709957821693138E+02
   5.82287226330232556E+02
   5.99350266438519498E+02
   6.16913312943257779E+02
   2.92000000000000000E+02
   2.95410097782741104E+02
   2.98769312434367862E+02
   3.02071733619976101E+02
   3.05311148310966928E+02
   3.08481028120258941E+02
   3.11574516155177093E+02
   3.14584413370626066E+02
   3.17503164404550148E+02
   3.20322842877056530E+02
   3.23035136133932838E+02
   3.25631329414618733E+02
   3.28102289424001924E+02
   3.30438447286694100E+02
   3.32629780861700965E+02
   3.34665796394639870E+02
   3.36535509483865440E+02
   3.38227425336049748E+02
   3.39729518285917948E+02
   3.46222548785754100E+02
   3.56368073140729962E+02
   3.66810896631184903E+02
   3.77559731155377278E+02
   3.88623543900471986E+02
   4.00011564823393030E+02
   4.11733294350891356E+02
   4.23798511305250713E+02
   4.36217281062244638E+02
   4.48999963948150423E+02
   4.62157223882823530E+02
   4.75700037276045691E+02
   4.89639702184565238E+02
   5.03987847737472748E+02
   5.18756443837770121E+02
   5.33957811148232508E+02
   5.49604631369887670E+02
   5.65709957821693138E+02
   5.82287226330232556E+02
   5.99350266438519498E+02
   6.16913312943257779E+02
   2.16340536742287738E-02
   1.72940256900173429E-02
   1.36703715823092847E-02
   1.06768371679147461E-02
   8.23205415566362342E-03
   6.25998837281189352E-03
   4.69033454702524975E-03
   3.45884028940194070E-03
   2.50754008708687194E-03
   1.78488105618460242E-03
   1.24572596397173321E-03
   8.51225299540716500E-04
   5.68558297336574348E-04
   3.70551844178731527E-04
   2.35194994304291149E-04
   1.45074233642220236E-04
   8.67596997048674653E-05
   5.01746357373798445E-05
   2.79792347349983331E-05
   1.49959749676460096E-05
   7.69723817932098343E-06
   8.25742293506624031E-06
   8.84968905374814116E-06
   9.47452314135377482E-06
   1.01321523169142598E-05
   1.08224834976487805E-05
   1.15450327016762283E-05
   1.22988429309839122E-05
   1.30823890043357738E-05
   1.38934674919475893E-05
   1.47290696579373373E-05
   1.55852350392736247E-05
   1.64568829772600979E-05
   1.73376190650866047E-05
   1.82195130776827396E-05
   1.90928445024395494E-05
   1.99458112850483400E-05
   2.07641968366838776E-05
   2.15309897091020692E-05
   2.22259496240077433E-05
   1.91406965580485540E-02
   1.52398145012414554E-02
   1.19943766564524958E-02
   9.32384516886072649E-03
   7.15232926239514014E-03
   5.40905015421094728E-03
   4.02874103647554542E-03
   2.95196457875340768E-03
   2.12532984562057532E-03
   1.50159266843025402E-03
   1.03962826133498893E-03
   7.04271793636558293E-04
   4.66030963451251974E-04
   3.00683357849071767E-04
   1.88779420375557853E-04
   1.15078128182287401E-04
   6.79461901726334083E-05
   3.87522654346540650E-05
   2.12853597665924668E-05
   1.12216139709227254E-05
   7.69723817932098343E-06
   8.25742293506624031E-06
   8.84968905374814116E-06
   9.47452314135377482E-06
   1.01321523169142598E-05
   1.08224834976487805E-05
   1.15450327016762283E-05
   1.22988429309839122E-05
   1.30823890043357738E-05
   1.38934674919475893E-05
   1.47290696579373373E-05
   1.55852350392736247E-05
   1.64568829772600979E-05
   1.73376190650866047E-05
   1.82195130776827396E-05
   1.90928445024395494E-05
   1.99458112850483400E-05
   2.07641968366838776E-05
   2.15309897091020692E-05
   2.22259496240077433E-05
   1.69109592854614979E-02
   1.34086145992799097E-02
   1.05056661191653133E-02
   8.12683575335610212E-03
   6.20130842537730195E-03
   4.66320172459390187E-03
   3.45196018763303629E-03
   2.51265692673483801E-03
   1.79618598103386271E-03
   1.25933200313287346E-03
   8.64709479305934966E-04
   5.80571063287205007E-04
   3.80492941725359439E-04
   2.42953420633172244E-04
   1.50828065558383795E-04
   9.08298115931327943E-05
   5.29248326069316796E-05
   2.97543620742387248E-05
   1.60892599756035529E-05
   8.33848335096062921E-06
   7.69723817932098343E-06
   8.25742293506624031E-06
   8.84968905374814116E-06
   9.47452314135377482E-06
   1.01321523169142598E-05
   1.08224834976487805E-05
   1.15450327016762283E-05
   1.22988429309839122E-05
   1.30823890043357738E-05
   1.38934674919475893E-05
   1.47290696579373373E-05
   1.55852350392736247E-05
   1.64568829772600979E-05
   1.73376190650866047E-05
   1.82195130776827396E-05
   1.90928445024395494E-05
   1.99458112850483400E-05
   2.07641968366838776E-05
   2.15309897091020692E-05
   2.22259496240077433E-05
   1.49188178985588775E-02
   1.17780663515385086E-02
   9.18508634173577886E-03
   7.06946923239593593E-03
   5.36512750183765381E-03
   4.01075898768763883E-03
   2.95022636949313685E-03
   2.13283531341087410E-03
   1.51349649914635058E-03
   1.05276094741525760E-03
   7.16724315667222034E-04
   4.76803476611147232E-04
   3.09396845444558414E-04
   1.95447563356347236E-04
   1.19934792525348456E-04
   7.13222346361592357E-05
   4.09940733350556939E-05
   2.27067812123259646E-05
   1.20809499916538963E-05
   7.16844069237211392E-06
   7.69723817932098343E-06
   8.25742293506624031E-06
   8.84968905374814116E-06
   9.47452314135377482E-06
   1.01321523169142598E-05
   1.08224834976487805E-05
   1.15450327016762283E-05
   1.22988429309839122E-05
   1.30823890043357738E-05
   1.38934674919475893E-05
   1.47290696579373373E-05
   1.55852350392736247E-05
   1.64568829772600979E-05
   1.73376190650866047E-05
   1.82195130776827396E-05
   1.90928445024395494E-05
   1.99458112850483400E-05
   2.07641968366838776E-05
   2.15309897091020692E-05
   2.22259496240077433E-05
   1.31408080483367794E-02
   1.03279899678184062E-02
   8.01534613782411802E-03
   6.13700129148064474E-03
   4.63129106505453126E-03
   3.44121225182461186E-03
   2.51477997291808504E-03
   1.80527631500310148E-03
   1.27137781582808149E-03
   8.77154192302513646E-04
   5.91937440026800974E-04
   3.90068154468090858E-04
   2.50533712316756789E-04
   1.56519828753144355E-04
   9.49020866222810512E-05
   5.57066673027099068E-05
   3.15693947279632964E-05
   1.72194207365349221E-05
   9.00889131353500336E-06
   7.16844069237211392E-06
   7.69723817932098343E-06
   8.25742293506624031E-06
   8.84968905374814116E-06
   9.47452314135377482E-06
   1.01321523169142598E-05
   1.08224834976487805E-05
   1.15450327016762283E-05
   1.22988429309839122E-05
   1.30823890043357738E-05
   1.38934674919475893E-05
   1.47290696579373373E-05
   1.55852350392736247E-05
   1.64568829772600979E-05
   1.73376190650866047E-05
   1.82195130776827396E-05
   1.90928445024395494E-05
   1.99458112850483400E-05
   2.07641968366838776E-05
   2.15309897091020692E-05
   2.22259496240077433E-05
   3.00000000000000028E-04
   2.71153846153846206E-04
   2.42307692307692330E-04
   2.13461538461538481E-04
   1.84615384615384633E-04
   1.55769230769230757E-04
   1.26923076923076962E-04
   9.80769230769230725E-05
   6.92307692307692237E-05
   4.03846153846154087E-05
   1.15384615384615311E-05
   0.00000000000000000E+00
   0.00000000000000000E+00
   0.00000000000000000E+00
   0.00000000000000000E+00
   0.00000000000000000E+00
   0.00000000000000000E+00
   0.00000000000000000E+00
   0.00000000000000000E+00
   0.00000000000000000E+00
   0.00000000000000000E+00
   0.00000000000000000E+00
   0.00000000000000000E+00
   0.00000000000000000E+00
   0.00000000000000000E+00
   0.00000000000000000E+00
   0.00000000000000000E+00
   0.00000000000000000E+00
   0.00000000000000000E+00
   0.00000000000000000E+00
   0.00000000000000000E+00
   0.00000000000000000E+00
   0.00000000000000000E+00
   0.00000000000000000E+00
   0.00000000000000000E+00
   0.00000000000000000E+00
   0.00000000000000000E+00
   0.00000000000000000E+00
   0.00000000000000000E+00
   0.00000000000000000E+00
   9.00000000000000192E-04
   8.13461538461538619E-04
   7.26923076923077045E-04
   6.40384615384615580E-04
   5.53846153846154006E-04
   4.67307692307692324E-04
   3.80769230769230913E-04
   2.94230769230769231E-04
   2.07692307692307712E-04
   1.21153846153846246E-04
   3.46153846153845983E-05
   0.00000000000000000E+00
   0.00000000000000000E+00
   0.00000000000000000E+00
   0.00000000000000000E+00
   0.00000000000000000E+00
   0.00000000000000000E+00
   0.00000000000000000E+00
   0.00000000000000000E+00
   0.00000000000000000E+00
   0.00000000000000000E+00
   0.00000000000000000E+00
   0.00000000000000000E+00
   0.00000000000000000E+00
   0.00000000000000000E+00
   0.00000000000000000E+00
   0.00000000000000000E+00
   0.00000000000000000E+00
   0.00000000000000000E+00
   0.00000000000000000E+00
   0.00000000000000000E+00
   0.00000000000000000E+00
   0.00000000000000000E+00
   0.00000000000000000E+00
   0.00000000000000000E+00
   0.00000000000000000E+00
   0.00000000000000000E+00
   0.00000000000000000E+00
   0.00000000000000000E+00
   0.00000000000000000E+00
   1.50000000000000003E-03
   1.35576923076923071E-03
   1.21153846153846160E-03
   1.06730769230769227E-03
   9.23076923076923163E-04
   7.78846153846153729E-04
   6.34615384615384729E-04
   4.90384615384615295E-04
   3.46153846153846078E-04
   2.01923076923077050E-04
   5.76923076923076570E-05
   0.00000000000000000E+00
   0.00000000000000000E+00
   0.00000000000000000E+00
   0.00000000000000000E+00
   0.00000000000000000E+00
   0.00000000000000000E+00
   0.00000000000000000E+00
   0.00000000000000000E+00
   0.00000000000000000E+00
   0.00000000000000000E+00
   0.00000000000000000E+00
   0.00000000000000000E+00
   0.00000000000000000E+00
   0.00000000000000000E+00
   0.00000000000000000E+00
   0.00000000000000000E+00
   0.00000000000000000E+00
   0.00000000000000000E+00
   0.00000000000000000E+00
   0.00000000000000000E+00
   0.00000000000000000E+00
   0.00000000000000000E+00
   0.00000000000000000E+00
   0.00000000000000000E+00
   0.00000000000000000E+00
   0.00000000000000000E+00
   0.00000000000000000E+00
   0.00000000000000000E+00
   0.00000000000000000E+00
   2.10000000000000030E-03
   1.89807692307692333E-03
   1.69615384615384637E-03
   1.49423076923076940E-03
   1.29230769230769264E-03
   1.09038461538461546E-03
   8.88461538461538707E-04
   6.86538461538461521E-04
   4.84615384615384606E-04
   2.82692307692307908E-04
   8.07692307692307225E-05
   0.00000000000000000E+00
   0.00000000000000000E+00
   0.00000000000000000E+00
   0.00000000000000000E+00
   0.00000000000000000E+00
   0.00000000000000000E+00
   0.00000000000000000E+00
   0.00000000000000000E+00
   0.00000000000000000E+00
   0.00000000000000000E+00
   0.00000000000000000E+00
   0.00000000000000000E+00
   0.00000000000000000E+00
   0.00000000000000000E+00
   0.00000000000000000E+00
   0.00000000000000000E+00
   0.00000000000000000E+00
   0.00000000000000000E+00
   0.00000000000000000E+00
   0.00000000000000000E+00
   0.00000000000000000E+00
   0.00000000000000000E+00
   0.00000000000000000E+00
   0.00000000000000000E+00
   0.00000000000000000E+00
   0.00000000000000000E+00
   0.00000000000000000E+00
   0.00000000000000000E+00
   0.00000000000000000E+00
   2.70000000000000014E-03
   2.44038461538461553E-03
   2.18076923076923092E-03
   1.92115384615384631E-03
   1.66153846153846169E-03
   1.40192307692307686E-03
   1.14230769230769247E-03
   8.82692307692307639E-04
   6.23076923076923027E-04
   3.63461538461538685E-04
   1.03846153846153788E-04
   0.00000000000000000E+00
   0.00000000000000000E+00
   0.00000000000000000E+00
   0.00000000000000000E+00
   0.00000000000000000E+00
   0.00000000000000000E+00
   0.00000000000000000E+00
   0.00000000000000000E+00
   0.00000000000000000E+00
   0.00000000000000000E+00
   0.00000000000000000E+00
   0.00000000000000000E+00
   0.00000000000000000E+00
   0.00000000000000000E+00
   0.00000000000000000E+00
   0.00000000000000000E+00
   0.00000000000000000E+00
   0.00000000000000000E+00
   0.00000000000000000E+00
   0.00000000000000000E+00
   0.00000000000000000E+00
   0.00000000000000000E+00
   0.00000000000000000E+00
   0.00000000000000000E+00
   0.00000000000000000E+00
   0.00000000000000000E+00
   0.00000000000000000E+00
   0.00000000000000000E+00
   0.00000000000000000E+00
   1.60000000000000013E-04
   1.44615384615384636E-04
   1.29230769230769232E-04
   1.13846153846153855E-04
   9.84615384615384779E-05
   8.30769230769230738E-05
   6.76923076923077104E-05
   5.23076923076923062E-05
   3.69230769230769224E-05
   2.15384615384615522E-05
   6.15384615384615064E-06
   0.00000000000000000E+00
   0.00000000000000000E+00
   0.00000000000000000E+00
   0.00000000000000000E+00
   0.00000000000000000E+00
   0.00000000000000000E+00
   0.00000000000000000E+00
   0.00000000000000000E+00
   0.00000000000000000E+00
   0.00000000000000000E+00
   0.00000000000000000E+00
   0.00000000000000000E+00
   0.00000000000000000E+00
   0.00000000000000000E+00
   0.00000000000000000E+00
   0.00000000000000000E+00
   0.00000000000000000E+00
   0.00000000000000000E+00
   0.00000000000000000E+00
   0.00000000000000000E+00
   0.00000000000000000E+00
   0.00000000000000000E+00
   0.00000000000000000E+00
   0.00000000000000000E+00
   0.00000000000000000E+00
   0.00000000000000000E+00
   0.00000000000000000E+00
   0.00000000000000000E+00
   0.00000000000000000E+00
   4.80000000000000121E-04
   4.33846153846153962E-04
   3.87692307692307804E-04
   3.41538461538461646E-04
   2.95384615384615488E-04
   2.49230769230769276E-04
   2.03076923076923145E-04
   1.56923076923076932E-04
   1.10769230769230774E-04
   6.46153846153846702E-05
   1.84615384615384544E-05
   0.00000000000000000E+00
   0.00000000000000000E+00
   0.00000000000000000E+00
   0.00000000000000000E+00
   0.00000000000000000E+00
   0.00000000000000000E+00
   0.00000000000000000E+00
   0.00000000000000000E+00
   0.00000000000000000E+00
   0.00000000000000000E+00
   0.00000000000000000E+00
   0.00000000000000000E+00
   0.00000000000000000E+00
   0.00000000000000000E+00
   0.00000000000000000E+00
   0.00000000000000000E+00
   0.00000000000000000E+00
   0.00000000000000000E+00
   0.00000000000000000E+00
   0.00000000000000000E+00
   0.00000000000000000E+00
   0.00000000000000000E+00
   0.00000000000000000E+00
   0.00000000000000000E+00
   0.00000000000000000E+00
   0.00000000000000000E+00
   0.00000000000000000E+00
   0.00000000000000000E+00
   0.00000000000000000E+00
   8.00000000000000038E-04
   7.23076923076923072E-04
   6.46153846153846214E-04
   5.69230769230769248E-04
   4.92307692307692390E-04
   4.15384615384615369E-04
   3.38461538461538511E-04
   2.61538461538461491E-04
   1.84615384615384578E-04
   1.07692307692307761E-04
   3.07692307692307472E-05
   0.00000000000000000E+00
   0.00000000000000000E+00
   0.00000000000000000E+00
   0.00000000000000000E+00
   0.00000000000000000E+00
   0.00000000000000000E+00
   0.00000000000000000E+00
   0.00000000000000000E+00
   0.00000000000000000E+00
   0.00000000000000000E+00
   0.00000000000000000E+00
   0.00000000000000000E+00
   0.00000000000000000E+00
   0.00000000000000000E+00
   0.00000000000000000E+00
   0.00000000000000000E+00
   0.00000000000000000E+00
   0.00000000000000000E+00
   0.00000000000000000E+00
   0.00000000000000000E+00
   0.00000000000000000E+00
   0.00000000000000000E+00
   0.00000000000000000E+00
   0.00000000000000000E+00
   0.00000000000000000E+00
   0.00000000000000000E+00
   0.00000000000000000E+00
   0.00000000000000000E+00
   0.00000000000000000E+00
   1.12000000000000012E-03
   1.01230769230769234E-03
   9.04615384615384678E-04
   7.96923076923077012E-04
   6.89230769230769346E-04
   5.81538461538461571E-04
   4.73846153846153959E-04
   3.66153846153846130E-04
   2.58461538461538464E-04
   1.50769230769230879E-04
   4.30769230769230502E-05
   0.00000000000000000E+00
   0.00000000000000000E+00
   0.00000000000000000E+00
   0.00000000000000000E+00
   0.00000000000000000E+00
   0.00000000000000000E+00
   0.00000000000000000E+00
   0.00000000000000000E+00
   0.00000000000000000E+00
   0.00000000000000000E+00
   0.00000000000000000E+00
   0.00000000000000000E+00
   0.00000000000000000E+00
   0.00000000000000000E+00
   0.00000000000000000E+00
   0.00000000000000000E+00
   0.00000000000000000E+00
   0.00000000000000000E+00
   0.00000000000000000E+00
   0.00000000000000000E+00
   0.00000000000000000E+00
   0.00000000000000000E+00
   0.00000000000000000E+00
   0.00000000000000000E+00
   0.00000000000000000E+00
   0.00000000000000000E+00
   0.00000000000000000E+00
   0.00000000000000000E+00
   0.00000000000000000E+00
   1.44000000000000009E-03
   1.30153846153846162E-03
   1.16307692307692314E-03
   1.02461538461538467E-03
   8.86153846153846301E-04
   7.47692307692307610E-04
   6.09230769230769353E-04
   4.70769230769230715E-04
   3.32307692307692241E-04
   1.93846153846153956E-04
   5.53846153846153532E-05
   0.00000000000000000E+00
   0.00000000000000000E+00
   0.00000000000000000E+00
   0.00000000000000000E+00
   0.00000000000000000E+00
   0.00000000000000000E+00
   0.00000000000000000E+00
   0.00000000000000000E+00
   0.00000000000000000E+00
   0.00000000000000000E+00
   0.00000000000000000E+00
   0.00000000000000000E+00
   0.00000000000000000E+00
   0.00000000000000000E+00
   0.00000000000000000E+00
   0.00000000000000000E+00
   0.00000000000000000E+00
   0.00000000000000000E+00
   0.00000000000000000E+00
   0.00000000000000000E+00
   0.00000000000000000E+00
   0.00000000000000000E+00
   0.00000000000000000E+00
   0.00000000000000000E+00
   0.00000000000000000E+00
   0.00000000000000000E+00
   0.00000000000000000E+00
   0.00000000000000000E+00
   0.00000000000000000E+00
   1.16144018583042974E+00
   1.06756431522297923E+00
   9.81558137213816129E-01
   9.02749230341691411E-01
   8.30523483151244357E-01
   7.64319984959458631E-01
   7.03626368365323773E-01
   6.47974563302194384E-01
   5.96936926033944104E-01
   5.50122709773839702E-01
   5.07174846588411166E-01
   4.67767012964170392E-01
   4.31600953887089189E-01
   3.98404042535400960E-01
   3.67927054735655790E-01
   3.39942139198351256E-01
   3.14240966249626053E-01
   2.90633039324653564E-01
   2.68944154900485122E-01
   2.49014997833905766E-01
   2.30699860245118182E-01
   2.08518836332536622E-01
   1.88470444062157960E-01
   1.70349637997880998E-01
   1.53971087140000490E-01
   1.39167279447746844E-01
   1.25786808605677008E-01
   1.13692825511775800E-01
   1.02761638649823531E-01
   9.28814490313036728E-02
   8.39512067684361762E-02
   7.58795775839093689E-02
   6.85840086872615690E-02
   6.19898844641411165E-02
   5.60297633432338613E-02
   5.06426880358969433E-02
   4.57735620939560758E-02
   4.13725864093964224E-02
   3.73947498927330660E-02
   3.37993691209613548E-02
   1.16923508640647289E+00
   1.07485144365453533E+00
   9.88374513166689894E-01
   9.09129083559653939E-01
   8.36498472238663360E-01
   7.69919398768685426E-01
   7.08877311412826172E-01
   6.52902126521222481E-01
   6.01564344065214973E-01
   5.54471505898534112E-01
   5.11264966318962899E-01
   4.71616947227250005E-01
   4.35227852659249625E-01
   4.01823819724546005E-01
   3.71154485040354531E-01
   3.42990947621654885E-01
   3.17123910894118011E-01
   2.93361988050706624E-01
   2.71530156389912847E-01
   2.51468347566259520E-01
   2.30699860245118182E-01
   2.08518836332536622E-01
   1.88470444062157960E-01
   1.70349637997880998E-01
   1.53971087140000490E-01
   1.39167279447746844E-01
   1.25786808605677008E-01
   1.13692825511775800E-01
   1.02761638649823531E-01
   9.28814490313036728E-02
   8.39512067684361762E-02
   7.58795775839093689E-02
   6.85840086872615690E-02
   6.19898844641411165E-02
   5.60297633432338613E-02
   5.06426880358969433E-02
   4.57735620939560758E-02
   4.13725864093964224E-02
   3.73947498927330660E-02
   3.37993691209613548E-02
   1.17713532347678695E+00
   1.08223873879992749E+00
   9.95286223048974406E-01
   9.15599753193530486E-01
   8.42560055370827676E-01
   7.75601460752218141E-01
   7.14207216009915102E-01
   6.57905207950503890E-01
   6.06264065503224536E-01
   5.58889605547127966E-01
   5.15421592061393485E-01
   4.75530780814198140E-01
   4.38916224291955148E-01
   4.05302813834715225E-01
   3.74439038005313418E-01
   3.46094938097868954E-01
   3.20060243402396860E-01
   2.96142670401898178E-01
   2.74166371500494555E-01
   2.53970520178859127E-01
   2.30699860245118182E-01
   2.08518836332536622E-01
   1.88470444062157960E-01
   1.70349637997880998E-01
   1.53971087140000490E-01
   1.39167279447746844E-01
   1.25786808605677008E-01
   1.13692825511775800E-01
   1.02761638649823531E-01
   9.28814490313036728E-02
   8.39512067684361762E-02
   7.58795775839093689E-02
   6.85840086872615690E-02
   6.19898844641411165E-02
   5.60297633432338613E-02
   5.06426880358969433E-02
   4.57735620939560758E-02
   4.13725864093964224E-02
   3.73947498927330660E-02
   3.37993691209613548E-02
   1.18514304676574467E+00
   1.08972828024490953E+00
   1.00229528095777010E+00
   9.22163192284523481E-01
   8.48710128767695027E-01
   7.81368014363758800E-01
   7.19617876737262963E-01
   6.62985557046646745E-01
   6.11037798302462520E-01
   5.63378678684052669E-01
   5.19646359209437692E-01
   4.79510117892141208E-01
   4.42667645012399191E-01
   4.08842576400957280E-01
   3.77782243701789422E-01
   3.49255622464059501E-01
   3.23051460630456644E-01
   2.98976571554069426E-01
   2.76854277103440571E-01
   2.55240372779753422E-01
   2.30699860245118182E-01
   2.08518836332536622E-01
   1.88470444062157960E-01
   1.70349637997880998E-01
   1.53971087140000490E-01
   1.39167279447746844E-01
   1.25786808605677008E-01
   1.13692825511775800E-01
   1.02761638649823531E-01
   9.28814490313036728E-02
   8.39512067684361762E-02
   7.58795775839093689E-02
   6.85840086872615690E-02
   6.19898844641411165E-02
   5.60297633432338613E-02
   5.06426880358969433E-02
   4.57735620939560758E-02
   4.13725864093964224E-02
   3.73947498927330660E-02
   3.37993691209613548E-02
   1.19326046489427706E+00
   1.09732220554278359E+00
   1.00940375812768335E+00
   9.28821410279357607E-01
   8.54950644420398587E-01
   7.87220958291577233E-01
   7.25111142971898603E-01
   6.68144977724052569E-01
   6.15887304638196298E-01
   5.67940449361656330E-01
   5.23940957219433012E-01
   4.83556616777306936E-01
   4.46483745400437115E-01
   4.12444713637970140E-01
   3.81185687338742474E-01
   3.52474568293221380E-01
   3.26099115919423255E-01
   3.01865234081161893E-01
   2.79595408559910275E-01
   2.55240372779753422E-01
   2.30699860245118182E-01
   2.08518836332536622E-01
   1.88470444062157960E-01
   1.70349637997880998E-01
   1.53971087140000490E-01
   1.39167279447746844E-01
   1.25786808605677008E-01
   1.13692825511775800E-01
   1.02761638649823531E-01
   9.28814490313036728E-02
   8.39512067684361762E-02
   7.58795775839093689E-02
   6.85840086872615690E-02
   6.19898844641411165E-02
   5.60297633432338613E-02
   5.06426880358969433E-02
   4.57735620939560758E-02
   4.13725864093964224E-02
   3.73947498927330660E-02
   3.37993691209613548E-02
   1.00000000000000000E+00
   9.71530770796716903E-01
   9.43872038604862906E-01
   9.17000729199251019E-01
   8.90894425260099876E-01
   8.65531347671442908E-01
   8.40890337351958173E-01
   8.16950837603059199E-01
   7.93692876959523619E-01
   7.71097052528349813E-01
   7.49144513801944245E-01
   7.27816946932134612E-01
   7.07096559451889983E-01
   6.86966065432001227E-01
   6.67408671060340075E-01
   6.48408060631664673E-01
   6.29948382936285523E-01
   6.12014238036234892E-01
   5.94590664417908643E-01
   5.77663126510462921E-01
   5.61217502559551384E-01
   5.45240072846289392E-01
   5.29717508241613677E-01
   5.14636859086491150E-01
   4.99985544388700187E-01
   4.85751341327170016E-01
   4.71922375055124632E-01
   4.58487108793522613E-01
   4.45434334206529225E-01
   4.32753162050991735E-01
   4.20433013092116448E-01
   4.08463609277770145E-01
   3.96834965164040987E-01
   3.85537379584909190E-01
   3.74561427559073234E-01
   3.63897952427185090E-01
   3.53538058212930106E-01
   3.43473102201582559E-01
   3.33694687729843065E-01
   3.24194657180944201E-01
   1.00000000000000000E+00
   9.71530770796716903E-01
   9.43872038604862906E-01
   9.17000729199251019E-01
   8.90894425260099876E-01
   8.65531347671442908E-01
   8.40890337351958173E-01
   8.16950837603059199E-01
   7.93692876959523619E-01
   7.71097052528349813E-01
   7.49144513801944245E-01
   7.27816946932134612E-01
   7.07096559451889983E-01
   6.86966065432001227E-01
   6.67408671060340075E-01
   6.48408060631664673E-01
   6.29948382936285523E-01
   6.12014238036234892E-01
   5.94590664417908643E-01
   5.77663126510462921E-01
   5.61217502559551384E-01
   5.45240072846289392E-01
   5.29717508241613677E-01
   5.14636859086491150E-01
   4.99985544388700187E-01
   4.85751341327170016E-01
   4.71922375055124632E-01
   4.58487108793522613E-01
   4.45434334206529225E-01
   4.32753162050991735E-01
   4.20433013092116448E-01
   4.08463609277770145E-01
   3.96834965164040987E-01
   3.85537379584909190E-01
   3.74561427559073234E-01
   3.63897952427185090E-01
   3.53538058212930106E-01
   3.43473102201582559E-01
   3.33694687729843065E-01
   3.24194657180944201E-01
   1.00000000000000000E+00
   9.71530770796716903E-01
   9.43872038604862906E-01
   9.17000729199251019E-01
   8.90894425260099876E-01
   8.65531347671442908E-01
   8.40890337351958173E-01
   8.16950837603059199E-01
   7.93692876959523619E-01
   7.71097052528349813E-01
   7.49144513801944245E-01
   7.27816946932134612E-01
   7.07096559451889983E-01
   6.86966065432001227E-01
   6.67408671060340075E-01
   6.48408060631664673E-01
   6.29948382936285523E-01
   6.12014238036234892E-01
   5.94590664417908643E-01
   5.77663126510462921E-01
   5.61217502559551384E-01
   5.45240072846289392E-01
   5.29717508241613677E-01
   5.14636859086491150E-01
   4.99985544388700187E-01
   4.85751341327170016E-01
   4.71922375055124632E-01
   4.58487108793522613E-01
   4.45434334206529225E-01
   4.32753162050991735E-01
   4.20433013092116448E-01
   4.08463609277770145E-01
   3.96834965164040987E-01
   3.85537379584909190E-01
   3.74561427559073234E-01
   3.63897952427185090E-01
   3.53538058212930106E-01
   3.43473102201582559E-01
   3.33694687729843065E-01
   3.24194657180944201E-01
   1.00000000000000000E+00
   9.71530770796716903E-01
   9.43872038604862906E-01
   9.17000729199251019E-01
   8.90894425260099876E-01
   8.65531347671442908E-01
   8.40890337351958173E-01
   8.16950837603059199E-01
   7.93692876959523619E-01
   7.71097052528349813E-01
   7.49144513801944245E-01
   7.27816946932134612E-01
   7.07096559451889983E-01
   6.86966065432001227E-01
   6.67408671060340075E-01
   6.48408060631664673E-01
   6.29948382936285523E-01
   6.12014238036234892E-01
   5.94590664417908643E-01
   5.77663126510462921E-01
   5.61217502559551384E-01
   5.45240072846289392E-01
   5.29717508241613677E-01
   5.14636859086491150E-01
   4.99985544388700187E-01
   4.85751341327170016E-01
   4.71922375055124632E-01
   4.58487108793522613E-01
   4.45434334206529225E-01
   4.32753162050991735E-01
   4.20433013092116448E-01
   4.08463609277770145E-01
   3.96834965164040987E-01
   3.85537379584909190E-01
   3.74561427559073234E-01
   3.63897952427185090E-01
   3.53538058212930106E-01
   3.43473102201582559E-01
   3.33694687729843065E-01
   3.24194657180944201E-01
   1.00000000000000000E+00
   9.71530770796716903E-01
   9.43872038604862906E-01
   9.17000729199251019E-01
   8.90894425260099876E-01
   8.65531347671442908E-01
   8.40890337351958173E-01
   8.16950837603059199E-01
   7.93692876959523619E-01
   7.71097052528349813E-01
   7.49144513801944245E-01
   7.27816946932134612E-01
   7.07096559451889983E-01
   6.86966065432001227E-01
   6.67408671060340075E-01
   6.48408060631664673E-01
   6.29948382936285523E-01
   6.12014238036234892E-01
   5.94590664417908643E-01
   5.77663126510462921E-01
   5.61217502559551384E-01
   5.45240072846289392E-01
   5.29717508241613677E-01
   5.14636859086491150E-01
   4.99985544388700187E-01
   4.85751341327170016E-01
   4.71922375055124632E-01
   4.58487108793522613E-01
   4.45434334206529225E-01
   4.32753162050991735E-01
   4.20433013092116448E-01
   4.08463609277770145E-01
   3.96834965164040987E-01
   3.85537379584909190E-01
   3.74561427559073234E-01
   3.63897952427185090E-01
   3.53538058212930106E-01
   3.43473102201582559E-01
   3.33694687729843065E-01
   3.24194657180944201E-01
   5.00000000000000000E+01
   8.19230769230769283E+02
   1.58846153846153857E+03
   2.35769230769230762E+03
   3.12692307692307713E+03
   3.89615384615384619E+03
   4.66538461538461524E+03
   5.43461538461538476E+03
   6.20384615384615427E+03
   6.97307692307692287E+03
   7.74230769230769238E+03
   8.51153846153846098E+03
   9.28076923076923049E+03
   1.00500000000000000E+04
   1.08192307692307695E+04
   1.15884615384615390E+04
   1.23576923076923085E+04
   1.31269230769230762E+04
   1.38961538461538457E+04
   1.46653846153846152E+04
   1.54346153846153848E+04
   1.62038461538461543E+04
   1.69730769230769220E+04
   1.77423076923076915E+04
   1.85115384615384610E+04
   1.92807692307692305E+04
   2.00500000000000000E+04
   2.08192307692307695E+04
   2.15884615384615390E+04
   2.23576923076923085E+04
   2.31269230769230780E+04
   2.38961538461538476E+04
   2.46653846153846171E+04
   2.54346153846153829E+04
   2.62038461538461524E+04
   2.69730769230769220E+04
   2.77423076923076915E+04
   2.85115384615384610E+04
   2.92807692307692305E+04
   3.00500000000000000E+04
   5.00000000000000000E+01
   8.19230769230769283E+02
   1.58846153846153857E+03
   2.35769230769230762E+03
   3.12692307692307713E+03
   3.89615384615384619E+03
   4.66538461538461524E+03
   5.43461538461538476E+03
   6.20384615384615427E+03
   6.97307692307692287E+03
   7.74230769230769238E+03
   8.51153846153846098E+03
   9.28076923076923049E+03
   1.00500000000000000E+04
   1.08192307692307695E+04
   1.15884615384615390E+04
   1.23576923076923085E+04
   1.31269230769230762E+04
   1.38961538461538457E+04
   1.46653846153846152E+04
   1.54346153846153848E+04
   1.62038461538461543E+04
   1.69730769230769220E+04
   1.77423076923076915E+04
   1.85115384615384610E+04
   1.92807692307692305E+04
   2.00500000000000000E+04
   2.08192307692307695E+04
   2.15884615384615390E+04
   2.23576923076923085E+04
   2.31269230769230780E+04
   2.38961538461538476E+04
   2.46653846153846171E+04
   2.54346153846153829E+04
   2.62038461538461524E+04
   2.69730769230769220E+04
   2.77423076923076915E+04
   2.85115384615384610E+04
   2.92807692307692305E+04
   3.00500000000000000E+04
   5.00000000000000000E+01
   8.19230769230769283E+02
   1.58846153846153857E+03
   2.35769230769230762E+03
   3.12692307692307713E+03
   3.89615384615384619E+03
   4.66538461538461524E+03
   5.43461538461538476E+03
   6.20384615384615427E+03
   6.97307692307692287E+03
   7.74230769230769238E+03
   8.51153846153846098E+03
   9.28076923076923049E+03
   1.00500000000000000E+04
   1.08192307692307695E+04
   1.15884615384615390E+04
   1.23576923076923085E+04
   1.31269230769230762E+04
   1.38961538461538457E+04
   1.46653846153846152E+04
   1.54346153846153848E+04
   1.62038461538461543E+04
   1.69730769230769220E+04
   1.77423076923076915E+04
   1.85115384615384610E+04
   1.92807692307692305E+04
   2.00500000000000000E+04
   2.08192307692307695E+04
   2.15884615384615390E+04
   2.23576923076923085E+04
   2.31269230769230780E+04
   2.38961538461538476E+04
   2.46653846153846171E+04
   2.54346153846153829E+04
   2.62038461538461524E+04
   2.69730769230769220E+04
   2.77423076923076915E+04
   2.85115384615384610E+04
   2.92807692307692305E+04
   3.00500000000000000E+04
   5.00000000000000000E+01
   8.19230769230769283E+02
   1.58846153846153857E+03
   2.35769230769230762E+03
   3.12692307692307713E+03
   3.89615384615384619E+03
   4.66538461538461524E+03
   5.43461538461538476E+03
   6.20384615384615427E+03
   6.97307692307692287E+03
   7.74230769230769238E+03
   8.51153846153846098E+03
   9.28076923076923049E+03
   1.00500000000000000E+04
   1.08192307692307695E+04
   1.15884615384615390E+04
   1.23576923076923085E+04
   1.31269230769230762E+04
   1.38961538461538457E+04
   1.46653846153846152E+04
   1.54346153846153848E+04
   1.62038461538461543E+04
   1.69730769230769220E+04
   1.77423076923076915E+04
   1.85115384615384610E+04
   1.92807692307692305E+04
   2.00500000000000000E+04
   2.08192307692307695E+04
   2.15884615384615390E+04
   2.23576923076923085E+04
   2.31269230769230780E+04
   2.38961538461538476E+04
   2.46653846153846171E+04
   2.54346153846153829E+04
   2.62038461538461524E+04
   2.69730769230769220E+04
   2.77423076923076915E+04
   2.85115384615384610E+04
   2.92807692307692305E+04
   3.00500000000000000E+04
   5.00000000000000000E+01
   8.19230769230769283E+02
   1.58846153846153857E+03
   2.35769230769230762E+03
   3.12692307692307713E+03
   3.89615384615384619E+03
   4.66538461538461524E+03
   5.43461538461538476E+03
   6.20384615384615427E+03
   6.97307692307692287E+03
   7.74230769230769238E+03
   8.51153846153846098E+03
   9.28076923076923049E+03
   1.00500000000000000E+04
   1.08192307692307695E+04
   1.15884615384615390E+04
   1.23576923076923085E+04
   1.31269230769230762E+04
   1.38961538461538457E+04
   1.46653846153846152E+04
   1.54346153846153848E+04
   1.62038461538461543E+04
   1.69730769230769220E+04
   1.77423076923076915E+04
   1.85115384615384610E+04
   1.92807692307692305E+04
   2.00500000000000000E+04
   2.08192307692307695E+04
   2.15884615384615390E+04
   2.23576923076923085E+04
   2.31269230769230780E+04
   2.38961538461538476E+04
   2.46653846153846171E+04
   2.54346153846153829E+04
   2.62038461538461524E+04
   2.69730769230769220E+04
   2.77423076923076915E+04
   2.85115384615384610E+04
   2.92807692307692305E+04
   3.00500000000000000E+04
   2.99650889754091452E+02
   3.03014556180004490E+02
   3.06569449958086125E+02
   3.10138035258572131E+02
   3.13680884252308545E+02
   3.17185266706257948E+02
   3.20637424905908802E+02
   3.24024505006808397E+02
   3.27333655796724599E+02
   3.30552760696093287E+02
   3.33670816789071409E+02
   3.36623104247179697E+02
   3.39416161473105433E+02
   3.42083855120586406E+02
   3.44616439631492028E+02
   3.47003705939142719E+02
   3.49234962671935818E+02
   3.51299016653384967E+02
   3.53184152673479048E+02
   3.54878112505397951E+02
   3.56368073140729962E+02
   3.66810896631184903E+02
   3.77559731155377278E+02
   3.88623543900471986E+02
   4.00011564823393030E+02
   4.11733294350891356E+02
   4.23798511305250713E+02
   4.36217281062244638E+02
   4.48999963948150423E+02
   4.62157223882823530E+02
   4.75700037276045691E+02
   4.89639702184565238E+02
   5.03987847737472748E+02
   5.18756443837770121E+02
   5.33957811148232508E+02
   5.49604631369887670E+02
   5.65709957821693138E+02
   5.82287226330232556E+02
   5.99350266438519498E+02
   6.16913312943257779E+02
   2.97614284116212559E+02
   3.00938236669349124E+02
   3.04264112466231438E+02
   3.07589300945885498E+02
   3.10910165670789922E+02
   3.14237683851743498E+02
   3.17619579335965284E+02
   3.21035904914473974E+02
   3.24403511898183069E+02
   3.27704213946888160E+02
   3.30922301633071470E+02
   3.33875160539039427E+02
   3.36587693460829598E+02
   3.39172503162113344E+02
   3.41619774939044248E+02
   3.43919228553017035E+02
   3.46060099374918195E+02
   3.48031118824051191E+02
   3.49820494076588773E+02
   3.51415887017540399E+02
   3.56368073140729962E+02
   3.66810896631184903E+02
   3.77559731155377278E+02
   3.88623543900471986E+02
   4.00011564823393030E+02
   4.11733294350891356E+02
   4.23798511305250713E+02
   4.36217281062244638E+02
   4.48999963948150423E+02
   4.62157223882823530E+02
   4.75700037276045691E+02
   4.89639702184565238E+02
   5.03987847737472748E+02
   5.18756443837770121E+02
   5.33957811148232508E+02
   5.49604631369887670E+02
   5.65709957821693138E+02
   5.82287226330232556E+02
   5.99350266438519498E+02
   6.16913312943257779E+02
   2.95587311713127065E+02
   2.98876688783089037E+02
   3.02165830249143539E+02
   3.05451743144823922E+02
   3.08730133006775304E+02
   3.11994673112453597E+02
   3.15236280767117307E+02
   3.18442607841312963E+02
   3.21597977592962081E+02
   3.24877646299823596E+02
   3.28177191698481579E+02
   3.31127216830899215E+02
   3.33759225448553707E+02
   3.36261151203640281E+02
   3.38623110246596525E+02
   3.40834751166891294E+02
   3.42885236077900629E+02
   3.44763220994717358E+02
   3.46456835479698498E+02
   3.47953661529682904E+02
   3.56368073140729962E+02
   3.66810896631184903E+02
   3.77559731155377278E+02
   3.88623543900471986E+02
   4.00011564823393030E+02
   4.11733294350891356E+02
   4.23798511305250713E+02
   4.36217281062244638E+02
   4.48999963948150423E+02
   4.62157223882823530E+02
   4.75700037276045691E+02
   4.89639702184565238E+02
   5.03987847737472748E+02
   5.18756443837770121E+02
   5.33957811148232508E+02
   5.49604631369887670E+02
   5.65709957821693138E+02
   5.82287226330232556E+02
   5.99350266438519498E+02
   6.16913312943257779E+02
   2.93568941646404596E+02
   2.96822583156563780E+02
   3.00073747220686641E+02
   3.03318953646850673E+02
   3.06553147260782850E+02
   3.09768987267976229E+02
   3.12956230811239891E+02
   3.16101425599357299E+02
   3.19188110227004358E+02
   3.22197606320180228E+02
   3.25435516233816315E+02
   3.28379273122758946E+02
   3.30930757436277815E+02
   3.33349799245167219E+02
   3.35626445554148745E+02
   3.37750273780765610E+02
   3.39710372780883006E+02
   3.41495323165383525E+02
   3.43093176882808223E+02
   3.46222548785754100E+02
   3.56368073140729962E+02
   3.66810896631184903E+02
   3.77559731155377278E+02
   3.88623543900471986E+02
   4.00011564823393030E+02
   4.11733294350891356E+02
   4.23798511305250713E+02
   4.36217281062244638E+02
   4.48999963948150423E+02
   4.62157223882823530E+02
   4.75700037276045691E+02
   4.89639702184565238E+02
   5.03987847737472748E+02
   5.18756443837770121E+02
   5.33957811148232508E+02
   5.49604631369887670E+02
   5.65709957821693138E+02
   5.82287226330232556E+02
   5.99350266438519498E+02
   6.16913312943257779E+02
   2.91558220519730412E+02
   2.94774997899714094E+02
   2.97986931724763508E+02
   3.01189954130488445E+02
   3.04378164351751707E+02
   3.07543174127539487E+02
   3.10673636381235440E+02
   3.13755162031110558E+02
   3.16770770913715694E+02
   3.19701874558433587E+02
   3.22694704883990369E+02
   3.25631329414618733E+02
   3.28102289424001924E+02
   3.30438447286694100E+02
   3.32629780861700965E+02
   3.34665796394639870E+02
   3.36535509483865440E+02
   3.38227425336049748E+02
   3.39729518285917948E+02
   3.46222548785754100E+02
   3.56368073140729962E+02
   3.66810896631184903E+02
   3.77559731155377278E+02
   3.88623543900471986E+02
   4.00011564823393030E+02
   4.11733294350891356E+02
   4.23798511305250713E+02
   4.36217281062244638E+02
   4.48999963948150423E+02
   4.62157223882823530E+02
   4.75700037276045691E+02
   4.89639702184565238E+02
   5.03987847737472748E+02
   5.18756443837770121E+02
   5.33957811148232508E+02
   5.49604631369887670E+02
   5.65709957821693138E+02
   5.82287226330232556E+02
   5.99350266438519498E+02
   6.16913312943257779E+02
   2.17741167048873079E-02
   1.75395740003495455E-02
   1.39262041018981108E-02
   1.09188392087198466E-02
   8.45008585793820266E-03
   6.44703128166992587E-03
   4.84242449343195991E-03
   3.57434947278734714E-03
   2.58682081990057764E-03
   1.82971135366456761E-03
   1.25870004445709899E-03
   8.51225299540716500E-04
   5.68558297336574348E-04
   3.70551844178731527E-04
   2.35194994304291149E-04
   1.45074233642220236E-04
   8.67596997048674653E-05
   5.01746357373798445E-05
   2.79792347349983331E-05
   1.49959749676460096E-05
   7.69723817932098343E-06
   8.25742293506624031E-06
   8.84968905374814116E-06
   9.47452314135377482E-06
   1.01321523169142598E-05
   1.08224834976487805E-05
   1.15450327016762283E-05
   1.22988429309839122E-05
   1.30823890043357738E-05
   1.38934674919475893E-05
   1.47290696579373373E-05
   1.55852350392736247E-05
   1.64568829772600979E-05
   1.73376190650866047E-05
   1.82195130776827396E-05
   1.90928445024395494E-05
   1.99458112850483400E-05
   2.07641968366838776E-05
   2.15309897091020692E-05
   2.22259496240077433E-05
   1.92954457706240867E-02
   1.54922667793701216E-02
   1.23207977476026513E-02
   9.70112832844127575E-03
   7.55829016125144498E-03
   5.81724467767799017E-03
   4.39654706725189741E-03
   3.24461934883451359E-03
   2.33525507593873713E-03
   1.62526117403347646E-03
   1.07628720396815052E-03
   7.04271793636558293E-04
   4.66030963451251974E-04
   3.00683357849071767E-04
   1.88779420375557853E-04
   1.15078128182287401E-04
   6.79461901726334083E-05
   3.87522654346540650E-05
   2.12853597665924668E-05
   1.12216139709227254E-05
   7.69723817932098343E-06
   8.25742293506624031E-06
   8.84968905374814116E-06
   9.47452314135377482E-06
   1.01321523169142598E-05
   1.08224834976487805E-05
   1.15450327016762283E-05
   1.22988429309839122E-05
   1.30823890043357738E-05
   1.38934674919475893E-05
   1.47290696579373373E-05
   1.55852350392736247E-05
   1.64568829772600979E-05
   1.73376190650866047E-05
   1.82195130776827396E-05
   1.90928445024395494E-05
   1.99458112850483400E-05
   2.07641968366838776E-05
   2.15309897091020692E-05
   2.22259496240077433E-05
   1.70765298261549049E-02
   1.36622131888459713E-02
   1.08242677877364805E-02
   8.48812790832298783E-03
   6.58407151787254123E-03
   5.04788436659820827E-03
   3.82140822472204229E-03
   2.85289249870426505E-03
   2.09707632811272516E-03
   1.45503917088320341E-03
   9.24029821708328807E-04
   5.80571063287205007E-04
   3.80492941725359439E-04
   2.42953420633172244E-04
   1.50828065558383795E-04
   9.08298115931327943E-05
   5.29248326069316796E-05
   2.97543620742387248E-05
   1.60892599756035529E-05
   8.33848335096062921E-06
   7.69723817932098343E-06
   8.25742293506624031E-06
   8.84968905374814116E-06
   9.47452314135377482E-06
   1.01321523169142598E-05
   1.08224834976487805E-05
   1.15450327016762283E-05
   1.22988429309839122E-05
   1.30823890043357738E-05
   1.38934674919475893E-05
   1.47290696579373373E-05
   1.55852350392736247E-05
   1.64568829772600979E-05
   1.73376190650866047E-05
   1.82195130776827396E-05
   1.90928445024395494E-05
   1.99458112850483400E-05
   2.07641968366838776E-05
   2.15309897091020692E-05
   2.22259496240077433E-05
   1.50917585100213587E-02
   1.20299104223461142E-02
   9.49352106991467257E-03
   7.41301612074066023E-03
   5.72360373768099166E-03
   4.36591365811958045E-03
   3.28648392358490060E-03
   2.43801835975136685E-03
   1.77935990481168944E-03
   1.27517637186478293E-03
   7.97673804620948799E-04
   4.76803476611147232E-04
   3.09396845444558414E-04
   1.95447563356347236E-04
   1.19934792525348456E-04
   7.13222346361592357E-05
   4.09940733350556939E-05
   2.27067812123259646E-05
   1.20809499916538963E-05
   7.16844069237211392E-06
   7.69723817932098343E-06
   8.25742293506624031E-06
   8.84968905374814116E-06
   9.47452314135377482E-06
   1.01321523169142598E-05
   1.08224834976487805E-05
   1.15450327016762283E-05
   1.22988429309839122E-05
   1.30823890043357738E-05
   1.38934674919475893E-05
   1.47290696579373373E-05
   1.55852350392736247E-05
   1.64568829772600979E-05
   1.73376190650866047E-05
   1.82195130776827396E-05
   1.90928445024395494E-05
   1.99458112850483400E-05
   2.07641968366838776E-05
   2.15309897091020692E-05
   2.22259496240077433E-05
   1.33180499758209694E-02
   1.05755380222691542E-02
   8.31161920869029174E-03
   6.46140857634368553E-03
   4.96476457655304574E-03
   3.76688315435588957E-03
   2.81870546104384190E-03
   2.07707229465502966E-03
   1.50459356914696657E-03
   1.06925952059221899E-03
   6.94256359959143413E-04
   3.90068154468090858E-04
   2.50533712316756789E-04
   1.56519828753144355E-04
   9.49020866222810512E-05
   5.57066673027099068E-05
   3.15693947279632964E-05
   1.72194207365349221E-05
   9.00889131353500336E-06
   7.16844069237211392E-06
   7.69723817932098343E-06
   8.25742293506624031E-06
   8.84968905374814116E-06
   9.47452314135377482E-06
   1.01321523169142598E-05
   1.08224834976487805E-05
   1.15450327016762283E-05
   1.22988429309839122E-05
   1.30823890043357738E-05
   1.38934674919475893E-05
   1.47290696579373373E-05
   1.55852350392736247E-05
   1.64568829772600979E-05
   1.73376190650866047E-05
   1.82195130776827396E-05
   1.90928445024395494E-05
   1.99458112850483400E-05
   2.07641968366838776E-05
   2.15309897091020692E-05
   2.22259496240077433E-05
   6.28143756420733944E-05
   0.00000000000000000E+00
   0.00000000000000000E+00
   0.00000000000000000E+00
   0.00000000000000000E+00
   0.00000000000000000E+00
   0.00000000000000000E+00
   0.00000000000000000E+00
   0.00000000000000000E+00
   0.00000000000000000E+00
   0.00000000000000000E+00
   0.00000000000000000E+00
   0.00000000000000000E+00
   0.00000000000000000E+00
   0.00000000000000000E+00
   0.00000000000000000E+00
   0.00000000000000000E+00
   0.00000000000000000E+00
   0.00000000000000000E+00
   0.00000000000000000E+00
   0.00000000000000000E+00
   0.00000000000000000E+00
   0.00000000000000000E+00
   0.00000000000000000E+00
   0.00000000000000000E+00
   0.00000000000000000E+00
   0.00000000000000000E+00
   0.00000000000000000E+00
   0.00000000000000000E+00
   0.00000000000000000E+00
   0.00000000000000000E+00
   0.00000000000000000E+00
   0.00000000000000000E+00
   0.00000000000000000E+00
   0.00000000000000000E+00
   0.00000000000000000E+00
   0.00000000000000000E+00
   0.00000000000000000E+00
   0.00000000000000000E+00
   0.00000000000000000E+00
   4.65204168712474370E-05
   5.42988952255371343E-05
   5.54985196524544996E-05
   4.60969295243730543E-05
   2.41995589847939212E-05
   0.00000000000000000E+00
   0.00000000000000000E+00
   0.00000000000000000E+00
   0.00000000000000000E+00
   0.00000000000000000E+00
   0.00000000000000000E+00
   0.00000000000000000E+00
   0.00000000000000000E+00
   0.00000000000000000E+00
   0.00000000000000000E+00
   0.00000000000000000E+00
   0.00000000000000000E+00
   0.00000000000000000E+00
   0.00000000000000000E+00
   0.00000000000000000E+00
   0.00000000000000000E+00
   0.00000000000000000E+00
   0.00000000000000000E+00
   0.00000000000000000E+00
   0.00000000000000000E+00
   0.00000000000000000E+00
   0.00000000000000000E+00
   0.00000000000000000E+00
   0.00000000000000000E+00
   0.00000000000000000E+00
   0.00000000000000000E+00
   0.00000000000000000E+00
   0.00000000000000000E+00
   0.00000000000000000E+00
   0.00000000000000000E+00
   0.00000000000000000E+00
   0.00000000000000000E+00
   0.00000000000000000E+00
   0.00000000000000000E+00
   0.00000000000000000E+00
   1.60056926384605230E-05
   2.47008748048155832E-05
   3.66002127286015682E-05
   5.14293035478729997E-05
   6.63179607569306187E-05
   7.56033919983906442E-05
   7.29908131579241377E-05
   5.14534983574194967E-05
   6.47855734531054670E-06
   0.00000000000000000E+00
   0.00000000000000000E+00
   0.00000000000000000E+00
   0.00000000000000000E+00
   0.00000000000000000E+00
   0.00000000000000000E+00
   0.00000000000000000E+00
   0.00000000000000000E+00
   0.00000000000000000E+00
   0.00000000000000000E+00
   0.00000000000000000E+00
   0.00000000000000000E+00
   0.00000000000000000E+00
   0.00000000000000000E+00
   0.00000000000000000E+00
   0.00000000000000000E+00
   0.00000000000000000E+00
   0.00000000000000000E+00
   0.00000000000000000E+00
   0.00000000000000000E+00
   0.00000000000000000E+00
   0.00000000000000000E+00
   0.00000000000000000E+00
   0.00000000000000000E+00
   0.00000000000000000E+00
   0.00000000000000000E+00
   0.00000000000000000E+00
   0.00000000000000000E+00
   0.00000000000000000E+00
   0.00000000000000000E+00
   0.00000000000000000E+00
   6.27538292616045026E-06
   1.12600249538998971E-05
   1.96654209634828415E-05
   3.33354394590022949E-05
   5.40939981966693633E-05
   8.24815455669027829E-05
   1.12187025148167093E-04
   1.27089620607181032E-04
   1.05920035491144219E-04
   3.03052067486279888E-05
   0.00000000000000000E+00
   0.00000000000000000E+00
   0.00000000000000000E+00
   0.00000000000000000E+00
   0.00000000000000000E+00
   0.00000000000000000E+00
   0.00000000000000000E+00
   0.00000000000000000E+00
   0.00000000000000000E+00
   0.00000000000000000E+00
   0.00000000000000000E+00
   0.00000000000000000E+00
   0.00000000000000000E+00
   0.00000000000000000E+00
   0.00000000000000000E+00
   0.00000000000000000E+00
   0.00000000000000000E+00
   0.00000000000000000E+00
   0.00000000000000000E+00
   0.00000000000000000E+00
   0.00000000000000000E+00
   0.00000000000000000E+00
   0.00000000000000000E+00
   0.00000000000000000E+00
   0.00000000000000000E+00
   0.00000000000000000E+00
   0.00000000000000000E+00
   0.00000000000000000E+00
   0.00000000000000000E+00
   0.00000000000000000E+00
   2.47013623519684507E-06
   5.06203913986799424E-06
   1.02748321944639716E-05
   2.02377042682964887E-05
   3.82543233700216744E-05
   6.84288832650402395E-05
   1.12768507775126689E-04
   1.60390747477446801E-04
   1.74843693071172576E-04
   1.10578048241969160E-04
   0.00000000000000000E+00
   0.00000000000000000E+00
   0.00000000000000000E+00
   0.00000000000000000E+00
   0.00000000000000000E+00
   0.00000000000000000E+00
   0.00000000000000000E+00
   0.00000000000000000E+00
   0.00000000000000000E+00
   0.00000000000000000E+00
   0.00000000000000000E+00
   0.00000000000000000E+00
   0.00000000000000000E+00
   0.00000000000000000E+00
   0.00000000000000000E+00
   0.00000000000000000E+00
   0.00000000000000000E+00
   0.00000000000000000E+00
   0.00000000000000000E+00
   0.00000000000000000E+00
   0.00000000000000000E+00
   0.00000000000000000E+00
   0.00000000000000000E+00
   0.00000000000000000E+00
   0.00000000000000000E+00
   0.00000000000000000E+00
   0.00000000000000000E+00
   0.00000000000000000E+00
   0.00000000000000000E+00
   0.00000000000000000E+00
   2.28366585531512506E-05
   1.00802730176743201E-05
   3.86452880645509186E-06
   9.71992131088866579E-07
   4.96612416947428666E-08
   0.00000000000000000E+00
   0.00000000000000000E+00
   0.00000000000000000E+00
   0.00000000000000000E+00
   0.00000000000000000E+00
   0.00000000000000000E+00
   0.00000000000000000E+00
   0.00000000000000000E+00
   0.00000000000000000E+00
   0.00000000000000000E+00
   0.00000000000000000E+00
   0.00000000000000000E+00
   0.00000000000000000E+00
   0.00000000000000000E+00
   0.00000000000000000E+00
   0.00000000000000000E+00
   0.00000000000000000E+00
   0.00000000000000000E+00
   0.00000000000000000E+00
   0.00000000000000000E+00
   0.00000000000000000E+00
   0.00000000000000000E+00
   0.00000000000000000E+00
   0.00000000000000000E+00
   0.00000000000000000E+00
   0.00000000000000000E+00
   0.00000000000000000E+00
   0.00000000000000000E+00
   0.00000000000000000E+00
   0.00000000000000000E+00
   0.00000000000000000E+00
   0.00000000000000000E+00
   0.00000000000000000E+00
   0.00000000000000000E+00
   0.00000000000000000E+00
   1.19392994360312065E-04
   7.56457448397575510E-05
   4.43192763951370366E-05
   2.35678324523206379E-05
   1.11930207314436421E-05
   4.67478505301615843E-06
   1.61648595497868112E-06
   3.43771329363776051E-07
   1.45754394784299645E-08
   0.00000000000000000E+00
   0.00000000000000000E+00
   0.00000000000000000E+00
   0.00000000000000000E+00
   0.00000000000000000E+00
   0.00000000000000000E+00
   0.00000000000000000E+00
   0.00000000000000000E+00
   0.00000000000000000E+00
   0.00000000000000000E+00
   0.00000000000000000E+00
   0.00000000000000000E+00
   0.00000000000000000E+00
   0.00000000000000000E+00
   0.00000000000000000E+00
   0.00000000000000000E+00
   0.00000000000000000E+00
   0.00000000000000000E+00
   0.00000000000000000E+00
   0.00000000000000000E+00
   0.00000000000000000E+00
   0.00000000000000000E+00
   0.00000000000000000E+00
   0.00000000000000000E+00
   0.00000000000000000E+00
   0.00000000000000000E+00
   0.00000000000000000E+00
   0.00000000000000000E+00
   0.00000000000000000E+00
   0.00000000000000000E+00
   0.00000000000000000E+00
   2.13299259499713349E-04
   1.44194879968539519E-04
   9.27708370734830465E-05
   5.63225462793241652E-05
   3.17004596384760887E-05
   1.60573542590304754E-05
   7.00150591927459769E-06
   2.44555297659671653E-06
   5.99531918542837679E-07
   6.35633408104961420E-08
   0.00000000000000000E+00
   0.00000000000000000E+00
   0.00000000000000000E+00
   0.00000000000000000E+00
   0.00000000000000000E+00
   0.00000000000000000E+00
   0.00000000000000000E+00
   0.00000000000000000E+00
   0.00000000000000000E+00
   0.00000000000000000E+00
   0.00000000000000000E+00
   0.00000000000000000E+00
   0.00000000000000000E+00
   0.00000000000000000E+00
   0.00000000000000000E+00
   0.00000000000000000E+00
   0.00000000000000000E+00
   0.00000000000000000E+00
   0.00000000000000000E+00
   0.00000000000000000E+00
   0.00000000000000000E+00
   0.00000000000000000E+00
   0.00000000000000000E+00
   0.00000000000000000E+00
   0.00000000000000000E+00
   0.00000000000000000E+00
   0.00000000000000000E+00
   0.00000000000000000E+00
   0.00000000000000000E+00
   0.00000000000000000E+00
   2.81094177646611521E-04
   1.93309328113701101E-04
   1.28544158726141329E-04
   8.25830492697785700E-05
   5.08268773847102046E-05
   2.93136520656410001E-05
   1.51238823415177484E-05
   6.42293534617006648E-06
   1.94302414169102438E-06
   3.06525415181125737E-07
   0.00000000000000000E+00
   0.00000000000000000E+00
   0.00000000000000000E+00
   0.00000000000000000E+00
   0.00000000000000000E+00
   0.00000000000000000E+00
   0.00000000000000000E+00
   0.00000000000000000E+00
   0.00000000000000000E+00
   0.00000000000000000E+00
   0.00000000000000000E+00
   0.00000000000000000E+00
   0.00000000000000000E+00
   0.00000000000000000E+00
   0.00000000000000000E+00
   0.00000000000000000E+00
   0.00000000000000000E+00
   0.00000000000000000E+00
   0.00000000000000000E+00
   0.00000000000000000E+00
   0.00000000000000000E+00
   0.00000000000000000E+00
   0.00000000000000000E+00
   0.00000000000000000E+00
   0.00000000000000000E+00
   0.00000000000000000E+00
   0.00000000000000000E+00
   0.00000000000000000E+00
   0.00000000000000000E+00
   0.00000000000000000E+00
   3.44537418158841603E-04
   2.39980658864156202E-04
   1.62879566750536852E-04
   1.07967416074952410E-04
   6.97111706092333488E-05
   4.32672592283664043E-05
   2.49449379818879788E-05
   1.23818912813076237E-05
   4.53535930771217821E-06
   8.96269766834664165E-07
   2.89953273910428692E-08
   0.00000000000000000E+00
   0.00000000000000000E+00
   0.00000000000000000E+00
   0.00000000000000000E+00
   0.00000000000000000E+00
   0.00000000000000000E+00
   0.00000000000000000E+00
   0.00000000000000000E+00
   0.00000000000000000E+00
   0.00000000000000000E+00
   0.00000000000000000E+00
   0.00000000000000000E+00
   0.00000000000000000E+00
   0.00000000000000000E+00
   0.00000000000000000E+00
   0.00000000000000000E+00
   0.00000000000000000E+00
   0.00000000000000000E+00
   0.00000000000000000E+00
   0.00000000000000000E+00
   0.00000000000000000E+00
   0.00000000000000000E+00
   0.00000000000000000E+00
   0.00000000000000000E+00
   0.00000000000000000E+00
   0.00000000000000000E+00
   0.00000000000000000E+00
   0.00000000000000000E+00
   0.00000000000000000E+00
   5.14687941207257534E-07
   2.73933307382178902E-06
   5.56060379727775468E-06
   8.60025082946953735E-06
   1.17379496977240921E-05
