       5      30   1.20000000000000000E+03
   3.00000000000000000E+02
   3.04891336278722690E+02
   3.09699534972808692E+02
   3.14410337883559805E+02
   3.19008487805104153E+02
   3.23477671756980499E+02
   3.27800461287142753E+02
   3.31958249702370438E+02
   3.35931186076344943E+02
   3.39698105878605475E+02
   3.43236458060234384E+02
   3.46522228424421144E+02
   3.49529859101998966E+02
   3.52232163943623902E+02
   3.54600239631459829E+02
   3.58147109846463309E+02
   3.72331872575904811E+02
   3.87078436554494431E+02
   4.02409052464147976E+02
   4.18346852246562491E+02
   4.34915884006361182E+02
   4.52141148296613949E+02
   4.70048635841478244E+02
   4.88665366752883187E+02
   5.08019431300428096E+02
   5.28140032296012350E+02
   5.49057529157148792E+02
   5.70803483715448237E+02
   5.93410707839393694E+02
   6.16913312943257779E+02
   2.98000000000000000E+02
   3.02812124344076494E+02
   3.07537973838221092E+02
   3.12163166029308854E+02
   3.16672314535824341E+02
   3.21048972085536491E+02
   3.25275570615873960E+02
   3.29333358293680931E+02
   3.33202333304296189E+02
   3.36861174252837429E+02
   3.40287167013198257E+02
   3.43456127852549855E+02
   3.46342322651068798E+02
   3.48918382028176950E+02
   3.51155212177753810E+02
   3.58147109846463309E+02
   3.72331872575904811E+02
   3.87078436554494431E+02
   4.02409052464147976E+02
   4.18346852246562491E+02
   4.34915884006361182E+02
   4.52141148296613949E+02
   4.70048635841478244E+02
   4.88665366752883187E+02
   5.08019431300428096E+02
   5.28140032296012350E+02
   5.49057529157148792E+02
   5.70803483715448237E+02
   5.93410707839393694E+02
   6.16913312943257779E+02
   2.96000000000000000E+02
   3.00732912409430298E+02
   3.05376412703633491E+02
   3.09915994175057904E+02
   3.14336141266544530E+02
   3.18620272414092483E+02
   3.22750679944605167E+02
   3.26708466884991424E+02
   3.30473480532247493E+02
   3.34024242627069384E+02
   3.37337875966162187E+02
   3.40390027280678510E+02
   3.43154786200138631E+02
   3.45604600112730054E+02
   3.47710184724047849E+02
   3.58147109846463309E+02
   3.72331872575904811E+02
   3.87078436554494431E+02
   4.02409052464147976E+02
   4.18346852246562491E+02
   4.34915884006361182E+02
   4.52141148296613949E+02
   4.70048635841478244E+02
   4.88665366752883187E+02
   5.08019431300428096E+02
   5.28140032296012350E+02
   5.49057529157148792E+02
   5.70803483715448237E+02
   5.93410707839393694E+02
   6.16913312943257779E+02
   2.94000000000000000E+02
   2.98653700474784102E+02
   3.03214851569045891E+02
   3.07668822320806953E+02
   3.11999967997264719E+02
   3.16191572742648475E+02
   3.20225789273336318E+02
   3.24083575476301917E+02
   3.27744627760198739E+02
   3.31187311001301339E+02
   3.34388584919126117E+02
   3.37323926708807221E+02
   3.39967249749208406E+02
   3.42290818197283158E+02
   3.44502745370597495E+02
   3.58147109846463309E+02
   3.72331872575904811E+02
   3.87078436554494431E+02
   4.02409052464147976E+02
   4.18346852246562491E+02
   4.34915884006361182E+02
   4.52141148296613949E+02
   4.70048635841478244E+02
   4.88665366752883187E+02
   5.08019431300428096E+02
   5.28140032296012350E+02
   5.49057529157148792E+02
   5.70803483715448237E+02
   5.93410707839393694E+02
   6.16913312943257779E+02
   2.92000000000000000E+02
   2.96574488540137907E+02
   3.01053290434458347E+02
   3.05421650466556002E+02
   3.09663794727984907E+02
   3.13762873071204524E+02
   3.17700898602067525E+02
   3.21458684067612410E+02
   3.25015774988149985E+02
   3.28350379375533294E+02
   3.31439293872089991E+02
   3.34257826136935932E+02
   3.36779713298278239E+02
   3.38977036281836263E+02
   3.44502745370597495E+02
   3.58147109846463309E+02
   3.72331872575904811E+02
   3.87078436554494431E+02
   4.02409052464147976E+02
   4.18346852246562491E+02
   4.34915884006361182E+02
   4.52141148296613949E+02
   4.70048635841478244E+02
   4.88665366752883187E+02
   5.08019431300428096E+02
   5.28140032296012350E+02
   5.49057529157148792E+02
   5.70803483715448237E+02
   5.93410707839393694E+02
   6.16913312943257779E+02
   2.16340536742287738E-02
   1.59680324489466716E-02
   1.15434382785947389E-02
   8.15660278373304612E-03
   5.62084485414118384E-03
   3.76823129313279444E-03
   2.45091272928259609E-03
   1.54188707849896756E-03
   9.35064232901787798E-04
   5.44564250632192069E-04
   3.03266483845714694E-04
   1.60720813895204209E-04
   8.06131629092401162E-05
   3.80268529912682675E-05
   1.67482200982577918E-05
   7.79156081863220594E-06
   8.55972592162305867E-06
   9.38639141480577568E-06
   1.02723061071416477E-05
   1.12171963797777004E-05
   1.22194525120214428E-05
   1.32757453188076434E-05
   1.43805594480888337E-05
   1.55256271855289059E-05
   1.66992436727561439E-05
   1.78854409886789358E-05
   1.90629944825886806E-05
   2.02042299795543535E-05
   2.12735948819312359E-05
   2.22259496240077433E-05
   1.91406965580485540E-02
   1.40508285987688917E-02
   1.00957780329308834E-02
   7.08547801010417106E-03
   4.84610439502917382E-03
   3.22186615865264125E-03
   2.07630356439272900E-03
   1.29295694188316570E-03
   7.75302030004099423E-04
   4.45914251707056944E-04
   2.44911184040165811E-04
   1.27811145353967659E-04
   6.30159291402251188E-05
   2.91610351743766128E-05
   1.25698523610790629E-05
   7.79156081863220594E-06
   8.55972592162305867E-06
   9.38639141480577568E-06
   1.02723061071416477E-05
   1.12171963797777004E-05
   1.22194525120214428E-05
   1.32757453188076434E-05
   1.43805594480888337E-05
   1.55256271855289059E-05
   1.66992436727561439E-05
   1.78854409886789358E-05
   1.90629944825886806E-05
   2.02042299795543535E-05
   2.12735948819312359E-05
   2.22259496240077433E-05
   1.69109592854614979E-02
   1.23437893840070319E-02
   8.81336634005768123E-03
   6.14218396525880502E-03
   4.16838645518045284E-03
   2.74754016019220903E-03
   1.75385460774698187E-03
   1.08072897966437543E-03
   6.40543870932373024E-04
   3.63690404750705183E-04
   1.96915341258500795E-04
   1.01142704291166621E-04
   4.89908354698737340E-05
   2.22253188336822796E-05
   9.36892201851937882E-06
   7.79156081863220594E-06
   8.55972592162305867E-06
   9.38639141480577568E-06
   1.02723061071416477E-05
   1.12171963797777004E-05
   1.22194525120214428E-05
   1.32757453188076434E-05
   1.43805594480888337E-05
   1.55256271855289059E-05
   1.66992436727561439E-05
   1.78854409886789358E-05
   1.90629944825886806E-05
   2.02042299795543535E-05
   2.12735948819312359E-05
   2.22259496240077433E-05
   1.49188178985588775E-02
   1.08257088239345212E-02
   7.67902871210480228E-03
   5.31293638162558431E-03
   3.57676383877609042E-03
   2.33672898682302796E-03
   1.47704783377747046E-03
   9.00338427013604690E-04
   5.27261256077232233E-04
   2.95417012446568537E-04
   1.57606861486910341E-04
   7.96340680973914040E-05
   3.78719934865445680E-05
   1.68318297215512398E-05
   7.08038038056392191E-06
   7.79156081863220594E-06
   8.55972592162305867E-06
   9.38639141480577568E-06
   1.02723061071416477E-05
   1.12171963797777004E-05
   1.22194525120214428E-05
   1.32757453188076434E-05
   1.43805594480888337E-05
   1.55256271855289059E-05
   1.66992436727561439E-05
   1.78854409886789358E-05
   1.90629944825886806E-05
   2.02042299795543535E-05
   2.12735948819312359E-05
   2.22259496240077433E-05
   1.31408080483367794E-02
   9.47744494371427840E-03
   6.67726416944186812E-03
   4.58531251006037699E-03
   3.06141713183721680E-03
   1.98180573414748510E-03
   1.24008521094345859E-03
   7.47489301194278121E-04
   4.32365437951482952E-04
   2.38949093415811157E-04
   1.25554100130988649E-04
   6.23717799282937584E-05
   2.91055256550211045E-05
   1.26635161095597294E-05
   7.08038038056392191E-06
   7.79156081863220594E-06
   8.55972592162305867E-06
   9.38639141480577568E-06
   1.02723061071416477E-05
   1.12171963797777004E-05
   1.22194525120214428E-05
   1.32757453188076434E-05
   1.43805594480888337E-05
   1.55256271855289059E-05
   1.66992436727561439E-05
   1.78854409886789358E-05
   1.90629944825886806E-05
   2.02042299795543535E-05
   2.12735948819312359E-05
   2.22259496240077433E-05
   3.00000000000000028E-04
   2.61206896551724184E-04
   2.22413793103448312E-04
   1.83620689655172414E-04
   1.44827586206896543E-04
   1.06034482758620699E-04
   6.72413793103448409E-05
   2.84482758620689425E-05
   0.00000000000000000E+00
   0.00000000000000000E+00
   0.00000000000000000E+00
   0.00000000000000000E+00
   0.00000000000000000E+00
   0.00000000000000000E+00
   0.00000000000000000E+00
   0.00000000000000000E+00
   0.00000000000000000E+00
   0.00000000000000000E+00
   0.00000000000000000E+00
   0.00000000000000000E+00
   0.00000000000000000E+00
   0.00000000000000000E+00
   0.00000000000000000E+00
   0.00000000000000000E+00
   0.00000000000000000E+00
   0.00000000000000000E+00
   0.00000000000000000E+00
   0.00000000000000000E+00
   0.00000000000000000E+00
   0.00000000000000000E+00
   9.00000000000000192E-04
   7.83620689655172551E-04
   6.67241379310345019E-04
   5.50862068965517269E-04
   4.34482758620689737E-04
   3.18103448275862150E-04
   2.01724137931034536E-04
   8.53448275862068409E-05
   0.00000000000000000E+00
   0.00000000000000000E+00
   0.00000000000000000E+00
   0.00000000000000000E+00
   0.00000000000000000E+00
   0.00000000000000000E+00
   0.00000000000000000E+00
   0.00000000000000000E+00
   0.00000000000000000E+00
   0.00000000000000000E+00
   0.00000000000000000E+00
   0.00000000000000000E+00
   0.00000000000000000E+00
   0.00000000000000000E+00
   0.00000000000000000E+00
   0.00000000000000000E+00
   0.00000000000000000E+00
   0.00000000000000000E+00
   0.00000000000000000E+00
   0.00000000000000000E+00
   0.00000000000000000E+00
   0.00000000000000000E+00
   1.50000000000000003E-03
   1.30603448275862081E-03
   1.11206896551724137E-03
   9.18103448275862043E-04
   7.24137931034482714E-04
   5.30172413793103385E-04
   3.36206896551724164E-04
   1.42241379310344699E-04
   0.00000000000000000E+00
   0.00000000000000000E+00
   0.00000000000000000E+00
   0.00000000000000000E+00
   0.00000000000000000E+00
   0.00000000000000000E+00
   0.00000000000000000E+00
   0.00000000000000000E+00
   0.00000000000000000E+00
   0.00000000000000000E+00
   0.00000000000000000E+00
   0.00000000000000000E+00
   0.00000000000000000E+00
   0.00000000000000000E+00
   0.00000000000000000E+00
   0.00000000000000000E+00
   0.00000000000000000E+00
   0.00000000000000000E+00
   0.00000000000000000E+00
   0.00000000000000000E+00
   0.00000000000000000E+00
   0.00000000000000000E+00
   2.10000000000000030E-03
   1.82844827586206918E-03
   1.55689655172413827E-03
   1.28534482758620693E-03
   1.01379310344827602E-03
   7.42241379310344890E-04
   4.70689655172413872E-04
   1.99137931034482611E-04
   0.00000000000000000E+00
   0.00000000000000000E+00
   0.00000000000000000E+00
   0.00000000000000000E+00
   0.00000000000000000E+00
   0.00000000000000000E+00
   0.00000000000000000E+00
   0.00000000000000000E+00
   0.00000000000000000E+00
   0.00000000000000000E+00
   0.00000000000000000E+00
   0.00000000000000000E+00
   0.00000000000000000E+00
   0.00000000000000000E+00
   0.00000000000000000E+00
   0.00000000000000000E+00
   0.00000000000000000E+00
   0.00000000000000000E+00
   0.00000000000000000E+00
   0.00000000000000000E+00
   0.00000000000000000E+00
   0.00000000000000000E+00
   2.70000000000000014E-03
   2.35086206896551733E-03
   2.00172413793103451E-03
   1.65258620689655170E-03
   1.30344827586206888E-03
   9.54310344827586179E-04
   6.05172413793103473E-04
   2.56034482758620442E-04
   0.00000000000000000E+00
   0.00000000000000000E+00
   0.00000000000000000E+00
   0.00000000000000000E+00
   0.00000000000000000E+00
   0.00000000000000000E+00
   0.00000000000000000E+00
   0.00000000000000000E+00
   0.00000000000000000E+00
   0.00000000000000000E+00
   0.00000000000000000E+00
   0.00000000000000000E+00
   0.00000000000000000E+00
   0.00000000000000000E+00
   0.00000000000000000E+00
   0.00000000000000000E+00
   0.00000000000000000E+00
   0.00000000000000000E+00
   0.00000000000000000E+00
   0.00000000000000000E+00
   0.00000000000000000E+00
   0.00000000000000000E+00
   1.60000000000000013E-04
   1.39310344827586210E-04
   1.18620689655172433E-04
   9.79310344827586163E-05
   7.72413793103448264E-05
   5.65517241379310365E-05
   3.58620689655172466E-05
   1.51724137931034347E-05
   0.00000000000000000E+00
   0.00000000000000000E+00
   0.00000000000000000E+00
   0.00000000000000000E+00
   0.00000000000000000E+00
   0.00000000000000000E+00
   0.00000000000000000E+00
   0.00000000000000000E+00
   0.00000000000000000E+00
   0.00000000000000000E+00
   0.00000000000000000E+00
   0.00000000000000000E+00
   0.00000000000000000E+00
   0.00000000000000000E+00
   0.00000000000000000E+00
   0.00000000000000000E+00
   0.00000000000000000E+00
   0.00000000000000000E+00
   0.00000000000000000E+00
   0.00000000000000000E+00
   0.00000000000000000E+00
   0.00000000000000000E+00
   4.80000000000000121E-04
   4.17931034482758737E-04
   3.55862068965517354E-04
   2.93793103448275917E-04
   2.31724137931034533E-04
   1.69655172413793150E-04
   1.07586206896551754E-04
   4.55172413793103161E-05
   0.00000000000000000E+00
   0.00000000000000000E+00
   0.00000000000000000E+00
   0.00000000000000000E+00
   0.00000000000000000E+00
   0.00000000000000000E+00
   0.00000000000000000E+00
   0.00000000000000000E+00
   0.00000000000000000E+00
   0.00000000000000000E+00
   0.00000000000000000E+00
   0.00000000000000000E+00
   0.00000000000000000E+00
   0.00000000000000000E+00
   0.00000000000000000E+00
   0.00000000000000000E+00
   0.00000000000000000E+00
   0.00000000000000000E+00
   0.00000000000000000E+00
   0.00000000000000000E+00
   0.00000000000000000E+00
   0.00000000000000000E+00
   8.00000000000000038E-04
   6.96551724137931048E-04
   5.93103448275862167E-04
   4.89655172413793068E-04
   3.86206896551724132E-04
   2.82758620689655196E-04
   1.79310344827586206E-04
   7.58620689655171754E-05
   0.00000000000000000E+00
   0.00000000000000000E+00
   0.00000000000000000E+00
   0.00000000000000000E+00
   0.00000000000000000E+00
   0.00000000000000000E+00
   0.00000000000000000E+00
   0.00000000000000000E+00
   0.00000000000000000E+00
   0.00000000000000000E+00
   0.00000000000000000E+00
   0.00000000000000000E+00
   0.00000000000000000E+00
   0.00000000000000000E+00
   0.00000000000000000E+00
   0.00000000000000000E+00
   0.00000000000000000E+00
   0.00000000000000000E+00
   0.00000000000000000E+00
   0.00000000000000000E+00
   0.00000000000000000E+00
   0.00000000000000000E+00
   1.12000000000000012E-03
   9.75172413793103576E-04
   8.30344827586207033E-04
   6.85517241379310382E-04
   5.40689655172413839E-04
   3.95862068965517242E-04
   2.51034482758620699E-04
   1.06206896551724048E-04
   0.00000000000000000E+00
   0.00000000000000000E+00
   0.00000000000000000E+00
   0.00000000000000000E+00
   0.00000000000000000E+00
   0.00000000000000000E+00
   0.00000000000000000E+00
   0.00000000000000000E+00
   0.00000000000000000E+00
   0.00000000000000000E+00
   0.00000000000000000E+00
   0.00000000000000000E+00
   0.00000000000000000E+00
   0.00000000000000000E+00
   0.00000000000000000E+00
   0.00000000000000000E+00
   0.00000000000000000E+00
   0.00000000000000000E+00
   0.00000000000000000E+00
   0.00000000000000000E+00
   0.00000000000000000E+00
   0.00000000000000000E+00
   1.44000000000000009E-03
   1.25379310344827600E-03
   1.06758620689655190E-03
   8.81379310344827588E-04
   6.95172413793103492E-04
   5.08965517241379288E-04
   3.22758620689655193E-04
   1.36551724137930908E-04
   0.00000000000000000E+00
   0.00000000000000000E+00
   0.00000000000000000E+00
   0.00000000000000000E+00
   0.00000000000000000E+00
   0.00000000000000000E+00
   0.00000000000000000E+00
   0.00000000000000000E+00
   0.00000000000000000E+00
   0.00000000000000000E+00
   0.00000000000000000E+00
   0.00000000000000000E+00
   0.00000000000000000E+00
   0.00000000000000000E+00
   0.00000000000000000E+00
   0.00000000000000000E+00
   0.00000000000000000E+00
   0.00000000000000000E+00
   0.00000000000000000E+00
   0.00000000000000000E+00
   0.00000000000000000E+00
   0.00000000000000000E+00
   1.16144018583042974E+00
   1.03705337769760697E+00
   9.26475057190437434E-01
   8.28143425399442190E-01
   7.40675924183820555E-01
   6.62848455491192201E-01
   5.93577031687806622E-01
   5.31901570740258900E-01
   4.76971584009589333E-01
   4.28033534307071861E-01
   3.84419668201589293E-01
   3.45538149787383786E-01
   3.10864343593898251E-01
   2.79933112378099758E-01
   2.52332011477407081E-01
   2.26713830325336124E-01
   1.97896148301631769E-01
   1.72741492905053057E-01
   1.50784255414537882E-01
   1.31618010812337316E-01
   1.14887994920763736E-01
   1.00284537772973109E-01
   8.75373316705109067E-02
   7.64104278302628892E-02
   6.66978690095334087E-02
   5.82198772698269140E-02
   5.08195263154393589E-02
   4.43598368123683390E-02
   3.87212409223522611E-02
   3.37993691209613548E-02
   1.16923508640647289E+00
   1.04417414198154934E+00
   9.32986878969042088E-01
   8.34104989092276705E-01
   7.46140081345186834E-01
   6.67862830138184482E-01
   5.98184562180029911E-01
   5.36140995105098161E-01
   4.80877874869876876E-01
   4.31638288915727308E-01
   3.87751458511764457E-01
   3.48622836979575301E-01
   3.13725361037320349E-01
   2.82591720617485664E-01
   2.54807528504756464E-01
   2.26713830325336124E-01
   1.97896148301631769E-01
   1.72741492905053057E-01
   1.50784255414537882E-01
   1.31618010812337316E-01
   1.14887994920763736E-01
   1.00284537772973109E-01
   8.75373316705109067E-02
   7.64104278302628892E-02
   6.66978690095334087E-02
   5.82198772698269140E-02
   5.08195263154393589E-02
   4.43598368123683390E-02
   3.87212409223522611E-02
   3.37993691209613548E-02
   1.17713532347678695E+00
   1.05139336956945373E+00
   9.39590886655178870E-01
   8.40153006265342395E-01
   7.51685458679633323E-01
   6.72953649450579561E-01
   6.02864182439868168E-01
   5.40448541540351712E-01
   4.84848677367378689E-01
   4.35304275261768070E-01
   3.91141507440567970E-01
   3.51763095489408428E-01
   3.16639529989941215E-01
   2.85301312251774686E-01
   2.57332099166402539E-01
   2.26713830325336124E-01
   1.97896148301631769E-01
   1.72741492905053057E-01
   1.50784255414537882E-01
   1.31618010812337316E-01
   1.14887994920763736E-01
   1.00284537772973109E-01
   8.75373316705109067E-02
   7.64104278302628892E-02
   6.66978690095334087E-02
   5.82198772698269140E-02
   5.08195263154393589E-02
   4.43598368123683390E-02
   3.87212409223522611E-02
   3.37993691209613548E-02
   1.18514304676574467E+00
   1.05871311695092385E+00
   9.46289051776368684E-01
   8.46289371252546774E-01
   7.57313880652705773E-01
   6.78122674966158190E-01
   6.07617597690209732E-01
   5.44825865295321732E-01
   4.88885602903885719E-01
   4.39033066867909327E-01
   3.94591356502543733E-01
   3.54960440660758603E-01
   3.19608345499061253E-01
   2.88063368020528288E-01
   2.59727949744848363E-01
   2.26713830325336124E-01
   1.97896148301631769E-01
   1.72741492905053057E-01
   1.50784255414537882E-01
   1.31618010812337316E-01
   1.14887994920763736E-01
   1.00284537772973109E-01
   8.75373316705109067E-02
   7.64104278302628892E-02
   6.66978690095334087E-02
   5.82198772698269140E-02
   5.08195263154393589E-02
   4.43598368123683390E-02
   3.87212409223522611E-02
   3.37993691209613548E-02
   1.19326046489427706E+00
   1.06613549828576670E+00
   9.53083402482363895E-01
   8.52516034138839696E-01
   7.63027226786662127E-01
   6.83371722763840950E-01
   6.12446567362179062E-01
   5.49274675683485758E-01
   4.92990316998909661E-01
   4.42826291637511416E-01
   3.98102602080504409E-01
   3.58216443437656296E-01
   3.22633359212988413E-01
   2.90879426565141597E-01
   2.59727949744848363E-01
   2.26713830325336124E-01
   1.97896148301631769E-01
   1.72741492905053057E-01
   1.50784255414537882E-01
   1.31618010812337316E-01
   1.14887994920763736E-01
   1.00284537772973109E-01
   8.75373316705109067E-02
   7.64104278302628892E-02
   6.66978690095334087E-02
   5.82198772698269140E-02
   5.08195263154393589E-02
   4.43598368123683390E-02
   3.87212409223522611E-02
   3.37993691209613548E-02
   1.00000000000000000E+00
   9.61902904977468221E-01
   9.25257198604092168E-01
   8.90007587188590521E-01
   8.56100883568692406E-01
   8.23485926858502637E-01
   7.92113505253256522E-01
   7.61936281774992508E-01
   7.32908722847095961E-01
   7.04987029589947745E-01
   6.78129071734007050E-01
   6.52294324050615271E-01
   6.27443805204600857E-01
   6.03540018936422173E-01
   5.80546897485100688E-01
   5.58429747166574786E-01
   5.37155196025361326E-01
   5.16691143480536463E-01
   4.97006711890057906E-01
   4.78072199960346111E-01
   4.59859037930826053E-01
   4.42339744465805318E-01
   4.25487885188649051E-01
   4.09278032795680979E-01
   3.93685728689629089E-01
   3.78687446074725542E-01
   3.64260554457776886E-01
   3.50383285501638886E-01
   3.37034700179575986E-01
   3.24194657180944201E-01
   1.00000000000000000E+00
   9.61902904977468221E-01
   9.25257198604092168E-01
   8.90007587188590521E-01
   8.56100883568692406E-01
   8.23485926858502637E-01
   7.92113505253256522E-01
   7.61936281774992508E-01
   7.32908722847095961E-01
   7.04987029589947745E-01
   6.78129071734007050E-01
   6.52294324050615271E-01
   6.27443805204600857E-01
   6.03540018936422173E-01
   5.80546897485100688E-01
   5.58429747166574786E-01
   5.37155196025361326E-01
   5.16691143480536463E-01
   4.97006711890057906E-01
   4.78072199960346111E-01
   4.59859037930826053E-01
   4.42339744465805318E-01
   4.25487885188649051E-01
   4.09278032795680979E-01
   3.93685728689629089E-01
   3.78687446074725542E-01
   3.64260554457776886E-01
   3.50383285501638886E-01
   3.37034700179575986E-01
   3.24194657180944201E-01
   1.00000000000000000E+00
   9.61902904977468221E-01
   9.25257198604092168E-01
   8.90007587188590521E-01
   8.56100883568692406E-01
   8.23485926858502637E-01
   7.92113505253256522E-01
   7.61936281774992508E-01
   7.32908722847095961E-01
   7.04987029589947745E-01
   6.78129071734007050E-01
   6.52294324050615271E-01
   6.27443805204600857E-01
   6.03540018936422173E-01
   5.80546897485100688E-01
   5.58429747166574786E-01
   5.37155196025361326E-01
   5.16691143480536463E-01
   4.97006711890057906E-01
   4.78072199960346111E-01
   4.59859037930826053E-01
   4.42339744465805318E-01
   4.25487885188649051E-01
   4.09278032795680979E-01
   3.93685728689629089E-01
   3.78687446074725542E-01
   3.64260554457776886E-01
   3.50383285501638886E-01
   3.37034700179575986E-01
   3.24194657180944201E-01
   1.00000000000000000E+00
   9.61902904977468221E-01
   9.25257198604092168E-01
   8.90007587188590521E-01
   8.56100883568692406E-01
   8.23485926858502637E-01
   7.92113505253256522E-01
   7.61936281774992508E-01
   7.32908722847095961E-01
   7.04987029589947745E-01
   6.78129071734007050E-01
   6.52294324050615271E-01
   6.27443805204600857E-01
   6.03540018936422173E-01
   5.80546897485100688E-01
   5.58429747166574786E-01
   5.37155196025361326E-01
   5.16691143480536463E-01
   4.97006711890057906E-01
   4.78072199960346111E-01
   4.59859037930826053E-01
   4.42339744465805318E-01
   4.25487885188649051E-01
   4.09278032795680979E-01
   3.93685728689629089E-01
   3.78687446074725542E-01
   3.64260554457776886E-01
   3.50383285501638886E-01
   3.37034700179575986E-01
   3.24194657180944201E-01
   1.00000000000000000E+00
   9.61902904977468221E-01
   9.25257198604092168E-01
   8.90007587188590521E-01
   8.56100883568692406E-01
   8.23485926858502637E-01
   7.92113505253256522E-01
   7.61936281774992508E-01
   7.32908722847095961E-01
   7.04987029589947745E-01
   6.78129071734007050E-01
   6.52294324050615271E-01
   6.27443805204600857E-01
   6.03540018936422173E-01
   5.80546897485100688E-01
   5.58429747166574786E-01
   5.37155196025361326E-01
   5.16691143480536463E-01
   4.97006711890057906E-01
   4.78072199960346111E-01
   4.59859037930826053E-01
   4.42339744465805318E-01
   4.25487885188649051E-01
   4.09278032795680979E-01
   3.93685728689629089E-01
   3.78687446074725542E-01
   3.64260554457776886E-01
   3.50383285501638886E-01
   3.37034700179575986E-01
   3.24194657180944201E-01
   5.00000000000000000E+01
   1.08448275862068976E+03
   2.11896551724137953E+03
   3.15344827586206884E+03
   4.18793103448275906E+03
   5.22241379310344837E+03
   6.25689655172413768E+03
   7.29137931034482790E+03
   8.32586206896551812E+03
   9.36034482758620652E+03
   1.03948275862068967E+04
   1.14293103448275870E+04
   1.24637931034482754E+04
   1.34982758620689656E+04
   1.45327586206896558E+04
   1.55672413793103442E+04
   1.66017241379310362E+04
   1.76362068965517246E+04
   1.86706896551724130E+04
   1.97051724137931051E+04
   2.07396551724137935E+04
   2.17741379310344819E+04
   2.28086206896551739E+04
   2.38431034482758623E+04
   2.48775862068965507E+04
   2.59120689655172428E+04
   2.69465517241379312E+04
   2.79810344827586196E+04
   2.90155172413793116E+04
   3.00500000000000000E+04
   5.00000000000000000E+01
   1.08448275862068976E+03
   2.11896551724137953E+03
   3.15344827586206884E+03
   4.18793103448275906E+03
   5.22241379310344837E+03
   6.25689655172413768E+03
   7.29137931034482790E+03
   8.32586206896551812E+03
   9.36034482758620652E+03
   1.03948275862068967E+04
   1.14293103448275870E+04
   1.24637931034482754E+04
   1.34982758620689656E+04
   1.45327586206896558E+04
   1.55672413793103442E+04
   1.66017241379310362E+04
   1.76362068965517246E+04
   1.86706896551724130E+04
   1.97051724137931051E+04
   2.07396551724137935E+04
   2.17741379310344819E+04
   2.28086206896551739E+04
   2.38431034482758623E+04
   2.48775862068965507E+04
   2.59120689655172428E+04
   2.69465517241379312E+04
   2.79810344827586196E+04
   2.90155172413793116E+04
   3.00500000000000000E+04
   5.00000000000000000E+01
   1.08448275862068976E+03
   2.11896551724137953E+03
   3.15344827586206884E+03
   4.18793103448275906E+03
   5.22241379310344837E+03
   6.25689655172413768E+03
   7.29137931034482790E+03
   8.32586206896551812E+03
   9.36034482758620652E+03
   1.03948275862068967E+04
   1.14293103448275870E+04
   1.24637931034482754E+04
   1.34982758620689656E+04
   1.45327586206896558E+04
   1.55672413793103442E+04
   1.66017241379310362E+04
   1.76362068965517246E+04
   1.86706896551724130E+04
   1.97051724137931051E+04
   2.07396551724137935E+04
   2.17741379310344819E+04
   2.28086206896551739E+04
   2.38431034482758623E+04
   2.48775862068965507E+04
   2.59120689655172428E+04
   2.69465517241379312E+04
   2.79810344827586196E+04
   2.90155172413793116E+04
   3.00500000000000000E+04
   5.00000000000000000E+01
   1.08448275862068976E+03
   2.11896551724137953E+03
   3.15344827586206884E+03
   4.18793103448275906E+03
   5.22241379310344837E+03
   6.25689655172413768E+03
   7.29137931034482790E+03
   8.32586206896551812E+03
   9.36034482758620652E+03
   1.03948275862068967E+04
   1.14293103448275870E+04
   1.24637931034482754E+04
   1.34982758620689656E+04
   1.45327586206896558E+04
   1.55672413793103442E+04
   1.66017241379310362E+04
   1.76362068965517246E+04
   1.86706896551724130E+04
   1.97051724137931051E+04
   2.07396551724137935E+04
   2.17741379310344819E+04
   2.28086206896551739E+04
   2.38431034482758623E+04
   2.48775862068965507E+04
   2.59120689655172428E+04
   2.69465517241379312E+04
   2.79810344827586196E+04
   2.90155172413793116E+04
   3.00500000000000000E+04
   5.00000000000000000E+01
   1.08448275862068976E+03
   2.11896551724137953E+03
   3.15344827586206884E+03
   4.18793103448275906E+03
   5.22241379310344837E+03
   6.25689655172413768E+03
   7.29137931034482790E+03
   8.32586206896551812E+03
   9.36034482758620652E+03
   1.03948275862068967E+04
   1.14293103448275870E+04
   1.24637931034482754E+04
   1.34982758620689656E+04
   1.45327586206896558E+04
   1.55672413793103442E+04
   1.66017241379310362E+04
   1.76362068965517246E+04
   1.86706896551724130E+04
   1.97051724137931051E+04
   2.07396551724137935E+04
   2.17741379310344819E+04
   2.28086206896551739E+04
   2.38431034482758623E+04
   2.48775862068965507E+04
   2.59120689655172428E+04
   2.69465517241379312E+04
   2.79810344827586196E+04
   2.90155172413793116E+04
   3.00500000000000000E+04
   2.99650889535977512E+02
   3.04229344571399508E+02
   3.09036437364631581E+02
   3.13805252786842686E+02
   3.18504515083371814E+02
   3.23100415307567687E+02
   3.27561028037736776E+02
   3.31856295879917639E+02
   3.35931186076344943E+02
   3.39698105878605475E+02
   3.43236458060234384E+02
   3.46522228424421144E+02
   3.49529859101998966E+02
   3.52232163943623902E+02
   3.54600239631459829E+02
   3.58147109846463309E+02
   3.72331872575904811E+02
   3.87078436554494431E+02
   4.02409052464147976E+02
   4.18346852246562491E+02
   4.34915884006361182E+02
   4.52141148296613949E+02
   4.70048635841478244E+02
   4.88665366752883187E+02
   5.08019431300428096E+02
   5.28140032296012350E+02
   5.49057529157148792E+02
   5.70803483715448237E+02
   5.93410707839393694E+02
   6.16913312943257779E+02
   2.97614283906994956E+02
   3.02084990841588819E+02
   3.06557611223536639E+02
   3.11024542214730559E+02
   3.15498064913033886E+02
   3.20110066201040411E+02
   3.24641932121009063E+02
   3.29047975562126965E+02
   3.33202333304296189E+02
   3.36861174252837429E+02
   3.40287167013198257E+02
   3.43456127852549855E+02
   3.46342322651068798E+02
   3.48918382028176950E+02
   3.51155212177753810E+02
   3.58147109846463309E+02
   3.72331872575904811E+02
   3.87078436554494431E+02
   4.02409052464147976E+02
   4.18346852246562491E+02
   4.34915884006361182E+02
   4.52141148296613949E+02
   4.70048635841478244E+02
   4.88665366752883187E+02
   5.08019431300428096E+02
   5.28140032296012350E+02
   5.49057529157148792E+02
   5.70803483715448237E+02
   5.93410707839393694E+02
   6.16913312943257779E+02
   2.95587311512948759E+02
   3.00011033914254824E+02
   3.04432548181884499E+02
   3.08842977194564412E+02
   3.13227541491489035E+02
   3.17562469619271440E+02
   3.21821157894987039E+02
   3.26252681264635783E+02
   3.30473480532247493E+02
   3.34024242627069384E+02
   3.37337875966162187E+02
   3.40390027280678510E+02
   3.43154786200138631E+02
   3.45604600112730054E+02
   3.47710184724047849E+02
   3.58147109846463309E+02
   3.72331872575904811E+02
   3.87078436554494431E+02
   4.02409052464147976E+02
   4.18346852246562491E+02
   4.34915884006361182E+02
   4.52141148296613949E+02
   4.70048635841478244E+02
   4.88665366752883187E+02
   5.08019431300428096E+02
   5.28140032296012350E+02
   5.49057529157148792E+02
   5.70803483715448237E+02
   5.93410707839393694E+02
   6.16913312943257779E+02
   2.93568941455399568E+02
   2.97944105055131217E+02
   3.02312724138837666E+02
   3.06664393560742099E+02
   3.10981965118940707E+02
   3.15238881084415254E+02
   3.19398362329537861E+02
   3.23473024974532734E+02
   3.27744627760198739E+02
   3.31187311001301339E+02
   3.34388584919126117E+02
   3.37323926708807221E+02
   3.39967249749208406E+02
   3.42290818197283158E+02
   3.44502745370597495E+02
   3.58147109846463309E+02
   3.72331872575904811E+02
   3.87078436554494431E+02
   4.02409052464147976E+02
   4.18346852246562491E+02
   4.34915884006361182E+02
   4.52141148296613949E+02
   4.70048635841478244E+02
   4.88665366752883187E+02
   5.08019431300428096E+02
   5.28140032296012350E+02
   5.49057529157148792E+02
   5.70803483715448237E+02
   5.93410707839393694E+02
   6.16913312943257779E+02
   2.91558220338019169E+02
   2.95883283671262404E+02
   3.00197178445642862E+02
   3.04487744990665021E+02
   3.08735371825617165E+02
   3.12910909134844587E+02
   3.16975846534790492E+02
   3.20885561397641823E+02
   3.25015774988149985E+02
   3.28350379375533294E+02
   3.31439293872089991E+02
   3.34257826136935932E+02
   3.36779713298278239E+02
   3.38977036281836263E+02
   3.44502745370597495E+02
   3.58147109846463309E+02
   3.72331872575904811E+02
   3.87078436554494431E+02
   4.02409052464147976E+02
   4.18346852246562491E+02
   4.34915884006361182E+02
   4.52141148296613949E+02
   4.70048635841478244E+02
   4.88665366752883187E+02
   5.08019431300428096E+02
   5.28140032296012350E+02
   5.49057529157148792E+02
   5.70803483715448237E+02
   5.93410707839393694E+02
   6.16913312943257779E+02
   2.17741167923945801E-02
   1.62235052735803381E-02
   1.17895888557343759E-02
   8.37266115091459678E-03
   5.79394319287987025E-03
   3.89287024234832033E-03
   2.52700364343960444E-03
   1.57305322383561024E-03
   9.35064232901787798E-04
   5.44564250632192069E-04
   3.03266483845714694E-04
   1.60720813895204209E-04
   8.06131629092401162E-05
   3.80268529912682675E-05
   1.67482200982577918E-05
   7.79156081863220594E-06
   8.55972592162305867E-06
   9.38639141480577568E-06
   1.02723061071416477E-05
   1.12171963797777004E-05
   1.22194525120214428E-05
   1.32757453188076434E-05
   1.43805594480888337E-05
   1.55256271855289059E-05
   1.66992436727561439E-05
   1.78854409886789358E-05
   1.90629944825886806E-05
   2.02042299795543535E-05
   2.12735948819312359E-05
   2.22259496240077433E-05
   1.92954458545621585E-02
   1.43314406483026641E-02
   1.04597015646023007E-02
   7.49204760427621495E-03
   5.24942118223712447E-03
   3.53206428260255346E-03
   2.27767130441614571E-03
   1.38019525697722517E-03
   7.75302030004099423E-04
   4.45914251707056944E-04
   2.44911184040165811E-04
   1.27811145353967659E-04
   6.30159291402251188E-05
   2.91610351743766128E-05
   1.25698523610790629E-05
   7.79156081863220594E-06
   8.55972592162305867E-06
   9.38639141480577568E-06
   1.02723061071416477E-05
   1.12171963797777004E-05
   1.22194525120214428E-05
   1.32757453188076434E-05
   1.43805594480888337E-05
   1.55256271855289059E-05
   1.66992436727561439E-05
   1.78854409886789358E-05
   1.90629944825886806E-05
   2.02042299795543535E-05
   2.12735948819312359E-05
   2.22259496240077433E-05
   1.70765299064664783E-02
   1.26223734450529399E-02
   9.16374129829172421E-03
   6.52532725869195678E-03
   4.54915464185642535E-03
   3.09701974902081749E-03
   2.04925293968298301E-03
   1.22005755552950703E-03
   6.40543870932373024E-04
   3.63690404750705183E-04
   1.96915341258500795E-04
   1.01142704291166621E-04
   4.89908354698737340E-05
   2.22253188336822796E-05
   9.36892201851937882E-06
   7.79156081863220594E-06
   8.55972592162305867E-06
   9.38639141480577568E-06
   1.02723061071416477E-05
   1.12171963797777004E-05
   1.22194525120214428E-05
   1.32757453188076434E-05
   1.43805594480888337E-05
   1.55256271855289059E-05
   1.66992436727561439E-05
   1.78854409886789358E-05
   1.90629944825886806E-05
   2.02042299795543535E-05
   2.12735948819312359E-05
   2.22259496240077433E-05
   1.50917585866525410E-02
   1.10995526564182587E-02
   8.01391031152675661E-03
   5.67158880758552447E-03
   3.92641492001589900E-03
   2.65148168990710000E-03
   1.74000075576291428E-03
   1.08697689937014988E-03
   5.27261256077232233E-04
   2.95417012446568537E-04
   1.57606861486910341E-04
   7.96340680973914040E-05
   3.78719934865445680E-05
   1.68318297215512398E-05
   7.08038038056392191E-06
   7.79156081863220594E-06
   8.55972592162305867E-06
   9.38639141480577568E-06
   1.02723061071416477E-05
   1.12171963797777004E-05
   1.22194525120214428E-05
   1.32757453188076434E-05
   1.43805594480888337E-05
   1.55256271855289059E-05
   1.66992436727561439E-05
   1.78854409886789358E-05
   1.90629944825886806E-05
   2.02042299795543535E-05
   2.12735948819312359E-05
   2.22259496240077433E-05
   1.33180500487234798E-02
   9.74419157860222616E-03
   6.99506423016353195E-03
   4.91878311331547888E-03
   3.38030038705464759E-03
   2.26327975523497264E-03
   1.47050381298563320E-03
   9.22686503205031607E-04
   4.32365437951482952E-04
   2.38949093415811157E-04
   1.25554100130988649E-04
   6.23717799282937584E-05
   2.91055256550211045E-05
   1.26635161095597294E-05
   7.08038038056392191E-06
   7.79156081863220594E-06
   8.55972592162305867E-06
   9.38639141480577568E-06
   1.02723061071416477E-05
   1.12171963797777004E-05
   1.22194525120214428E-05
   1.32757453188076434E-05
   1.43805594480888337E-05
   1.55256271855289059E-05
   1.66992436727561439E-05
   1.78854409886789358E-05
   1.90629944825886806E-05
   2.02042299795543535E-05
   2.12735948819312359E-05
   2.22259496240077433E-05
   5.75341579323750517E-05
   0.00000000000000000E+00
   0.00000000000000000E+00
   0.00000000000000000E+00
   0.00000000000000000E+00
   0.00000000000000000E+00
   0.00000000000000000E+00
   0.00000000000000000E+00
   0.00000000000000000E+00
   0.00000000000000000E+00
   0.00000000000000000E+00
   0.00000000000000000E+00
   0.00000000000000000E+00
   0.00000000000000000E+00
   0.00000000000000000E+00
   0.00000000000000000E+00
   0.00000000000000000E+00
   0.00000000000000000E+00
   0.00000000000000000E+00
   0.00000000000000000E+00
   0.00000000000000000E+00
   0.00000000000000000E+00
   0.00000000000000000E+00
   0.00000000000000000E+00
   0.00000000000000000E+00
   0.00000000000000000E+00
   0.00000000000000000E+00
   0.00000000000000000E+00
   0.00000000000000000E+00
   0.00000000000000000E+00
   4.59640100667555709E-05
   5.07863372735012600E-05
   4.11722114274257428E-05
   1.14552413193999635E-05
   0.00000000000000000E+00
   0.00000000000000000E+00
   0.00000000000000000E+00
   0.00000000000000000E+00
   0.00000000000000000E+00
   0.00000000000000000E+00
   0.00000000000000000E+00
   0.00000000000000000E+00
   0.00000000000000000E+00
   0.00000000000000000E+00
   0.00000000000000000E+00
   0.00000000000000000E+00
   0.00000000000000000E+00
   0.00000000000000000E+00
   0.00000000000000000E+00
   0.00000000000000000E+00
   0.00000000000000000E+00
   0.00000000000000000E+00
   0.00000000000000000E+00
   0.00000000000000000E+00
   0.00000000000000000E+00
   0.00000000000000000E+00
   0.00000000000000000E+00
   0.00000000000000000E+00
   0.00000000000000000E+00
   0.00000000000000000E+00
   1.71358011571337348E-05
   2.76658496424239016E-05
   4.20769106154151803E-05
   5.71527614187729191E-05
   6.25954397056537976E-05
   4.61602432137855491E-05
   0.00000000000000000E+00
   0.00000000000000000E+00
   0.00000000000000000E+00
   0.00000000000000000E+00
   0.00000000000000000E+00
   0.00000000000000000E+00
   0.00000000000000000E+00
   0.00000000000000000E+00
   0.00000000000000000E+00
   0.00000000000000000E+00
   0.00000000000000000E+00
   0.00000000000000000E+00
   0.00000000000000000E+00
   0.00000000000000000E+00
   0.00000000000000000E+00
   0.00000000000000000E+00
   0.00000000000000000E+00
   0.00000000000000000E+00
   0.00000000000000000E+00
   0.00000000000000000E+00
   0.00000000000000000E+00
   0.00000000000000000E+00
   0.00000000000000000E+00
   0.00000000000000000E+00
   7.58171876499250796E-06
   1.44458014816196923E-05
   2.70442006753059324E-05
   4.86312429824595948E-05
   8.10795481994044915E-05
   1.06223214197634323E-04
   8.76498096063934689E-05
   0.00000000000000000E+00
   0.00000000000000000E+00
   0.00000000000000000E+00
   0.00000000000000000E+00
   0.00000000000000000E+00
   0.00000000000000000E+00
   0.00000000000000000E+00
   0.00000000000000000E+00
   0.00000000000000000E+00
   0.00000000000000000E+00
   0.00000000000000000E+00
   0.00000000000000000E+00
   0.00000000000000000E+00
   0.00000000000000000E+00
   0.00000000000000000E+00
   0.00000000000000000E+00
   0.00000000000000000E+00
   0.00000000000000000E+00
   0.00000000000000000E+00
   0.00000000000000000E+00
   0.00000000000000000E+00
   0.00000000000000000E+00
   0.00000000000000000E+00
   3.16588789525352953E-06
   7.24940502965861463E-06
   1.62334696075020704E-05
   3.52587185812408500E-05
   7.16186640521884179E-05
   1.26258350850903665E-04
   1.50315398667711677E-04
   4.85415233345197575E-05
   0.00000000000000000E+00
   0.00000000000000000E+00
   0.00000000000000000E+00
   0.00000000000000000E+00
   0.00000000000000000E+00
   0.00000000000000000E+00
   0.00000000000000000E+00
   0.00000000000000000E+00
   0.00000000000000000E+00
   0.00000000000000000E+00
   0.00000000000000000E+00
   0.00000000000000000E+00
   0.00000000000000000E+00
   0.00000000000000000E+00
   0.00000000000000000E+00
   0.00000000000000000E+00
   0.00000000000000000E+00
   0.00000000000000000E+00
   0.00000000000000000E+00
   0.00000000000000000E+00
   0.00000000000000000E+00
   0.00000000000000000E+00
   2.54615989344012666E-05
   8.07575384517698076E-06
   1.63094331753584578E-06
   0.00000000000000000E+00
   0.00000000000000000E+00
   0.00000000000000000E+00
   0.00000000000000000E+00
   0.00000000000000000E+00
   0.00000000000000000E+00
   0.00000000000000000E+00
   0.00000000000000000E+00
   0.00000000000000000E+00
   0.00000000000000000E+00
   0.00000000000000000E+00
   0.00000000000000000E+00
   0.00000000000000000E+00
   0.00000000000000000E+00
   0.00000000000000000E+00
   0.00000000000000000E+00
   0.00000000000000000E+00
   0.00000000000000000E+00
   0.00000000000000000E+00
   0.00000000000000000E+00
   0.00000000000000000E+00
   0.00000000000000000E+00
   0.00000000000000000E+00
   0.00000000000000000E+00
   0.00000000000000000E+00
   0.00000000000000000E+00
   0.00000000000000000E+00
   1.27662104111010244E-04
   6.85255948548248341E-05
   3.21811166007079190E-05
   1.28267194742104594E-05
   4.34655526149416436E-06
   8.60340650460566557E-07
   3.23924010862168651E-08
   0.00000000000000000E+00
   0.00000000000000000E+00
   0.00000000000000000E+00
   0.00000000000000000E+00
   0.00000000000000000E+00
   0.00000000000000000E+00
   0.00000000000000000E+00
   0.00000000000000000E+00
   0.00000000000000000E+00
   0.00000000000000000E+00
   0.00000000000000000E+00
   0.00000000000000000E+00
   0.00000000000000000E+00
   0.00000000000000000E+00
   0.00000000000000000E+00
   0.00000000000000000E+00
   0.00000000000000000E+00
   0.00000000000000000E+00
   0.00000000000000000E+00
   0.00000000000000000E+00
   0.00000000000000000E+00
   0.00000000000000000E+00
   0.00000000000000000E+00
   2.33910938048400880E-04
   1.39985381155758400E-04
   7.70455109759362916E-05
   3.78967402653775657E-05
   1.56906510096089803E-05
   4.93382253972329902E-06
   9.59598015733977543E-07
   3.81022935698927039E-08
   0.00000000000000000E+00
   0.00000000000000000E+00
   0.00000000000000000E+00
   0.00000000000000000E+00
   0.00000000000000000E+00
   0.00000000000000000E+00
   0.00000000000000000E+00
   0.00000000000000000E+00
   0.00000000000000000E+00
   0.00000000000000000E+00
   0.00000000000000000E+00
   0.00000000000000000E+00
   0.00000000000000000E+00
   0.00000000000000000E+00
   0.00000000000000000E+00
   0.00000000000000000E+00
   0.00000000000000000E+00
   0.00000000000000000E+00
   0.00000000000000000E+00
   0.00000000000000000E+00
   0.00000000000000000E+00
   0.00000000000000000E+00
   3.09392806251268570E-04
   1.90906742715953102E-04
   1.11573416925852008E-04
   6.11364755648653659E-05
   3.01912030163954388E-05
   1.20261669748002073E-05
   3.04952364925122987E-06
   2.50718065600487047E-07
   0.00000000000000000E+00
   0.00000000000000000E+00
   0.00000000000000000E+00
   0.00000000000000000E+00
   0.00000000000000000E+00
   0.00000000000000000E+00
   0.00000000000000000E+00
   0.00000000000000000E+00
   0.00000000000000000E+00
   0.00000000000000000E+00
   0.00000000000000000E+00
   0.00000000000000000E+00
   0.00000000000000000E+00
   0.00000000000000000E+00
   0.00000000000000000E+00
   0.00000000000000000E+00
   0.00000000000000000E+00
   0.00000000000000000E+00
   0.00000000000000000E+00
   0.00000000000000000E+00
   0.00000000000000000E+00
   0.00000000000000000E+00
   3.87429448968866865E-04
   2.45741463311680420E-04
   1.49524733139613390E-04
   8.70750388724487870E-05
   4.74400866403439266E-05
   2.23716051749103806E-05
   7.22027090688229689E-06
   7.90901514232085023E-07
   0.00000000000000000E+00
   0.00000000000000000E+00
   0.00000000000000000E+00
   0.00000000000000000E+00
   0.00000000000000000E+00
   0.00000000000000000E+00
   0.00000000000000000E+00
   0.00000000000000000E+00
   0.00000000000000000E+00
   0.00000000000000000E+00
   0.00000000000000000E+00
   0.00000000000000000E+00
   0.00000000000000000E+00
   0.00000000000000000E+00
   0.00000000000000000E+00
   0.00000000000000000E+00
   0.00000000000000000E+00
   0.00000000000000000E+00
   0.00000000000000000E+00
   0.00000000000000000E+00
   0.00000000000000000E+00
   0.00000000000000000E+00
   5.53409018473370889E-07
   2.89415471588903426E-06
   5.80782713059671825E-06
   8.94257950704489363E-06
   1.21616043537380992E-05
