# bndcnd/cnvvar reference dump
META ijdim kdim 6 12
META kmin_1based 2
META GRAV   9.8061600000000002E+00
ARRAY lat 6
 -1.3089969389957472E+00
 -7.8539816339744828E-01
 -2.6179938779914941E-01
  2.6179938779914941E-01
  7.8539816339744828E-01
  1.3089969389957472E+00
ARRAY lon 6
  0.0000000000000000E+00
  4.3633231299858238E-01
  8.7266462599716477E-01
  1.3089969389957472E+00
  1.7453292519943295E+00
  2.1816615649929116E+00
ARRAY IX 6
 -0.0000000000000000E+00
 -4.2261826174069944E-01
 -7.6604444311897801E-01
 -9.6592582628906831E-01
 -9.8480775301220802E-01
 -8.1915204428899202E-01
ARRAY IY 6
  1.0000000000000000E+00
  9.0630778703664994E-01
  6.4278760968653936E-01
  2.5881904510252074E-01
 -1.7364817766693030E-01
 -5.7357643635104583E-01
ARRAY IZ 6
  0.0000000000000000E+00
  0.0000000000000000E+00
  0.0000000000000000E+00
  0.0000000000000000E+00
  0.0000000000000000E+00
  0.0000000000000000E+00
ARRAY JX 6
  9.6592582628906831E-01
  6.4085638205578843E-01
  1.6636567534280192E-01
 -6.6987298107780660E-02
  1.2278780396897281E-01
  5.5403229322232317E-01
ARRAY JY 6
  0.0000000000000000E+00
  2.9883623873011983E-01
  1.9826689127414615E-01
 -2.4999999999999997E-01
 -6.9636424032001887E-01
 -7.9124011523622406E-01
ARRAY JZ 6
  2.5881904510252074E-01
  7.0710678118654757E-01
  9.6592582628906831E-01
  9.6592582628906831E-01
  7.0710678118654757E-01
  2.5881904510252074E-01
ARRAY z_srf 6
  5.0000000000000000E+00
  8.0000000000000000E+00
  1.1000000000000000E+01
  1.4000000000000000E+01
  1.7000000000000000E+01
  2.0000000000000000E+01
ARRAY rho 72
  1.1614401858304297E+00
  1.1614401858304297E+00
  8.7797556315830894E-01
  6.6397071730307100E-01
  5.0234717144908092E-01
  3.8023811027647580E-01
  2.8794703851907322E-01
  2.1816451301550333E-01
  1.6537885672822564E-01
  1.2543271015072793E-01
  9.5189247811322278E-02
  7.2280877421405265E-02
  1.1614401858304297E+00
  1.1614401858304297E+00
  8.7797556315830894E-01
  6.6397071730307100E-01
  5.0234717144908092E-01
  3.8023811027647580E-01
  2.8794703851907322E-01
  2.1816451301550333E-01
  1.6537885672822564E-01
  1.2543271015072793E-01
  9.5189247811322278E-02
  7.2280877421405265E-02
  1.1614401858304297E+00
  1.1614401858304297E+00
  8.7797556315830894E-01
  6.6397071730307100E-01
  5.0234717144908092E-01
  3.8023811027647580E-01
  2.8794703851907322E-01
  2.1816451301550333E-01
  1.6537885672822564E-01
  1.2543271015072793E-01
  9.5189247811322278E-02
  7.2280877421405265E-02
  1.1614401858304297E+00
  1.1614401858304297E+00
  8.7797556315830894E-01
  6.6397071730307100E-01
  5.0234717144908092E-01
  3.8023811027647580E-01
  2.8794703851907322E-01
  2.1816451301550333E-01
  1.6537885672822564E-01
  1.2543271015072793E-01
  9.5189247811322278E-02
  7.2280877421405265E-02
  1.1614401858304297E+00
  1.1614401858304297E+00
  8.7797556315830894E-01
  6.6397071730307100E-01
  5.0234717144908092E-01
  3.8023811027647580E-01
  2.8794703851907322E-01
  2.1816451301550333E-01
  1.6537885672822564E-01
  1.2543271015072793E-01
  9.5189247811322278E-02
  7.2280877421405265E-02
  1.1614401858304297E+00
  1.1614401858304297E+00
  8.7797556315830894E-01
  6.6397071730307100E-01
  5.0234717144908092E-01
  3.8023811027647580E-01
  2.8794703851907322E-01
  2.1816451301550333E-01
  1.6537885672822564E-01
  1.2543271015072793E-01
  9.5189247811322278E-02
  7.2280877421405265E-02
ARRAY pre 72
  1.0000000000000000E+05
  1.0000000000000000E+05
  7.4081822068171794E+04
  5.4881163609402640E+04
  4.0656965974059916E+04
  3.0119421191220201E+04
  2.2313016014842982E+04
  1.6529888822158657E+04
  1.2245642825298195E+04
  9.0717953289412471E+03
  6.7205512739749756E+03
  4.9787068367863949E+03
  1.0000000000000000E+05
  1.0000000000000000E+05
  7.4081822068171794E+04
  5.4881163609402640E+04
  4.0656965974059916E+04
  3.0119421191220201E+04
  2.2313016014842982E+04
  1.6529888822158657E+04
  1.2245642825298195E+04
  9.0717953289412471E+03
  6.7205512739749756E+03
  4.9787068367863949E+03
  1.0000000000000000E+05
  1.0000000000000000E+05
  7.4081822068171794E+04
  5.4881163609402640E+04
  4.0656965974059916E+04
  3.0119421191220201E+04
  2.2313016014842982E+04
  1.6529888822158657E+04
  1.2245642825298195E+04
  9.0717953289412471E+03
  6.7205512739749756E+03
  4.9787068367863949E+03
  1.0000000000000000E+05
  1.0000000000000000E+05
  7.4081822068171794E+04
  5.4881163609402640E+04
  4.0656965974059916E+04
  3.0119421191220201E+04
  2.2313016014842982E+04
  1.6529888822158657E+04
  1.2245642825298195E+04
  9.0717953289412471E+03
  6.7205512739749756E+03
  4.9787068367863949E+03
  1.0000000000000000E+05
  1.0000000000000000E+05
  7.4081822068171794E+04
  5.4881163609402640E+04
  4.0656965974059916E+04
  3.0119421191220201E+04
  2.2313016014842982E+04
  1.6529888822158657E+04
  1.2245642825298195E+04
  9.0717953289412471E+03
  6.7205512739749756E+03
  4.9787068367863949E+03
  1.0000000000000000E+05
  1.0000000000000000E+05
  7.4081822068171794E+04
  5.4881163609402640E+04
  4.0656965974059916E+04
  3.0119421191220201E+04
  2.2313016014842982E+04
  1.6529888822158657E+04
  1.2245642825298195E+04
  9.0717953289412471E+03
  6.7205512739749756E+03
  4.9787068367863949E+03
ARRAY zg 72
  1.5000000000000000E+02
  2.0000000000000000E+02
  3.4000000000000000E+02
  4.8000000000000000E+02
  6.2000000000000000E+02
  7.6000000000000000E+02
  9.0000000000000000E+02
  1.0400000000000000E+03
  1.1800000000000000E+03
  1.3200000000000000E+03
  1.4600000000000000E+03
  1.6000000000000000E+03
  1.5000000000000000E+02
  2.0000000000000000E+02
  3.4000000000000000E+02
  4.8000000000000000E+02
  6.2000000000000000E+02
  7.6000000000000000E+02
  9.0000000000000000E+02
  1.0400000000000000E+03
  1.1800000000000000E+03
  1.3200000000000000E+03
  1.4600000000000000E+03
  1.6000000000000000E+03
  1.5000000000000000E+02
  2.0000000000000000E+02
  3.4000000000000000E+02
  4.8000000000000000E+02
  6.2000000000000000E+02
  7.6000000000000000E+02
  9.0000000000000000E+02
  1.0400000000000000E+03
  1.1800000000000000E+03
  1.3200000000000000E+03
  1.4600000000000000E+03
  1.6000000000000000E+03
  1.5000000000000000E+02
  2.0000000000000000E+02
  3.4000000000000000E+02
  4.8000000000000000E+02
  6.2000000000000000E+02
  7.6000000000000000E+02
  9.0000000000000000E+02
  1.0400000000000000E+03
  1.1800000000000000E+03
  1.3200000000000000E+03
  1.4600000000000000E+03
  1.6000000000000000E+03
  1.5000000000000000E+02
  2.0000000000000000E+02
  3.4000000000000000E+02
  4.8000000000000000E+02
  6.2000000000000000E+02
  7.6000000000000000E+02
  9.0000000000000000E+02
  1.0400000000000000E+03
  1.1800000000000000E+03
  1.3200000000000000E+03
  1.4600000000000000E+03
  1.6000000000000000E+03
  1.5000000000000000E+02
  2.0000000000000000E+02
  3.4000000000000000E+02
  4.8000000000000000E+02
  6.2000000000000000E+02
  7.6000000000000000E+02
  9.0000000000000000E+02
  1.0400000000000000E+03
  1.1800000000000000E+03
  1.3200000000000000E+03
  1.4600000000000000E+03
  1.6000000000000000E+03
ARRAY vx 72
  5.7955549577344101E+00
  5.7955549577344101E+00
  5.2159994619609691E+00
  4.6364439661875290E+00
  4.0568884704140862E+00
  3.4773329746406456E+00
  2.8977774788672050E+00
  2.3182219830937645E+00
  1.7386664873203233E+00
  1.1591109915468818E+00
  5.7955549577344090E-01
  0.0000000000000000E+00
 -7.9881730364048540E+00
 -7.9881730364048540E+00
 -7.3161412112865776E+00
 -6.6441093861683020E+00
 -5.9720775610500274E+00
 -5.3000457359317519E+00
 -4.6280139108134764E+00
 -3.9559820856952004E+00
 -3.2839502605769257E+00
 -2.6119184354586493E+00
 -1.9398866103403736E+00
 -1.2678547852220983E+00
 -2.0451050355274575E+01
 -2.0451050355274575E+01
 -1.8635758652682810E+01
 -1.6820466950091046E+01
 -1.5005175247499281E+01
 -1.3189883544907516E+01
 -1.1374591842315754E+01
 -9.5593001397239892E+00
 -7.7440084371322273E+00
 -5.9287167345404610E+00
 -4.1134250319486974E+00
 -2.2981333293569342E+00
 -2.7447846924740595E+01
 -2.7447846924740595E+01
 -2.4992839980153256E+01
 -2.2537833035565917E+01
 -2.0082826090978578E+01
 -1.7627819146391239E+01
 -1.5172812201803900E+01
 -1.2717805257216561E+01
 -1.0262798312629224E+01
 -7.8077913680418822E+00
 -5.3527844234545432E+00
 -2.8977774788672050E+00
 -2.6837890260527988E+01
 -2.6837890260527988E+01
 -2.4449543560378853E+01
 -2.2061196860229714E+01
 -1.9672850160080579E+01
 -1.7284503459931443E+01
 -1.4896156759782306E+01
 -1.2507810059633169E+01
 -1.0119463359484035E+01
 -7.7311166593348961E+00
 -5.3427699591857598E+00
 -2.9544232590366239E+00
 -1.9612063480757836E+01
 -1.9612063480757836E+01
 -1.7896602745968750E+01
 -1.6181142011179666E+01
 -1.4465681276390580E+01
 -1.2750220541601493E+01
 -1.1034759806812406E+01
 -9.3192990720233198E+00
 -7.6038383372342357E+00
 -5.8883776024451482E+00
 -4.1729168676560615E+00
 -2.4574561328669762E+00
ARRAY vy 72
  2.8000000000000000E+01
  2.8000000000000000E+01
  2.5500000000000000E+01
  2.3000000000000000E+01
  2.0500000000000000E+01
  1.8000000000000000E+01
  1.5500000000000000E+01
  1.3000000000000000E+01
  1.0500000000000002E+01
  7.9999999999999991E+00
  5.4999999999999991E+00
  3.0000000000000000E+00
  2.7169635469406916E+01
  2.7169635469406916E+01
  2.4724564258577221E+01
  2.2279493047747525E+01
  1.9834421836917826E+01
  1.7389350626088131E+01
  1.4944279415258434E+01
  1.2499208204428736E+01
  1.0054136993599041E+01
  7.6090657827693420E+00
  5.1639945719396456E+00
  2.7189233611099497E+00
  1.9187654418867979E+01
  1.9187654418867979E+01
  1.7461725259887142E+01
  1.5735796100906306E+01
  1.4009866941925470E+01
  1.2283937782944635E+01
  1.0558008623963799E+01
  8.8320794649829626E+00
  7.1061503060021272E+00
  5.3802211470212900E+00
  3.6542919880404536E+00
  1.9283628290596182E+00
  5.7469332628705807E+00
  5.7469332628705807E+00
  5.2498856501142788E+00
  4.7528380373579768E+00
  4.2557904246016758E+00
  3.7587428118453734E+00
  3.2616951990890715E+00
  2.7646475863327695E+00
  2.2675999735764680E+00
  1.7705523608201659E+00
  1.2735047480638639E+00
  7.7645713530756222E-01
 -9.0403344165941615E+00
 -9.0403344165941615E+00
 -8.1883954282348252E+00
 -7.3364564398754881E+00
 -6.4845174515161501E+00
 -5.6325784631568130E+00
 -4.7806394747974759E+00
 -3.9287004864381396E+00
 -3.0767614980788025E+00
 -2.2248225097194649E+00
 -1.3728835213601278E+00
 -5.2094453300079091E-01
 -2.0807580909246628E+01
 -2.0807580909246628E+01
 -1.8898895749227279E+01
 -1.6990210589207930E+01
 -1.5081525429188579E+01
 -1.3172840269169232E+01
 -1.1264155109149883E+01
 -9.3554699491305335E+00
 -7.4467847891111862E+00
 -5.5380996290918345E+00
 -3.6294144690724859E+00
 -1.7207293090531375E+00
ARRAY vz 72
  1.5529142706151244E+00
  1.5529142706151244E+00
  1.3976228435536120E+00
  1.2423314164920998E+00
  1.0870399894305869E+00
  9.3174856236907455E-01
  7.7645713530756222E-01
  6.2116570824604989E-01
  4.6587428118453739E-01
  3.1058285412302483E-01
  1.5529142706151242E-01
  0.0000000000000000E+00
  4.2426406871192857E+00
  4.2426406871192857E+00
  3.8183766184073571E+00
  3.3941125496954290E+00
  2.9698484809834995E+00
  2.5455844122715710E+00
  2.1213203435596428E+00
  1.6970562748477145E+00
  1.2727922061357859E+00
  8.4852813742385691E-01
  4.2426406871192845E-01
  0.0000000000000000E+00
  5.7955549577344101E+00
  5.7955549577344101E+00
  5.2159994619609691E+00
  4.6364439661875290E+00
  4.0568884704140862E+00
  3.4773329746406456E+00
  2.8977774788672050E+00
  2.3182219830937645E+00
  1.7386664873203233E+00
  1.1591109915468818E+00
  5.7955549577344090E-01
  0.0000000000000000E+00
  5.7955549577344101E+00
  5.7955549577344101E+00
  5.2159994619609691E+00
  4.6364439661875290E+00
  4.0568884704140862E+00
  3.4773329746406456E+00
  2.8977774788672050E+00
  2.3182219830937645E+00
  1.7386664873203233E+00
  1.1591109915468818E+00
  5.7955549577344090E-01
  0.0000000000000000E+00
  4.2426406871192857E+00
  4.2426406871192857E+00
  3.8183766184073571E+00
  3.3941125496954290E+00
  2.9698484809834995E+00
  2.5455844122715710E+00
  2.1213203435596428E+00
  1.6970562748477145E+00
  1.2727922061357859E+00
  8.4852813742385691E-01
  4.2426406871192845E-01
  0.0000000000000000E+00
  1.5529142706151244E+00
  1.5529142706151244E+00
  1.3976228435536120E+00
  1.2423314164920998E+00
  1.0870399894305869E+00
  9.3174856236907455E-01
  7.7645713530756222E-01
  6.2116570824604989E-01
  4.6587428118453739E-01
  3.1058285412302483E-01
  1.5529142706151242E-01
  0.0000000000000000E+00
ARRAY rho_srf 6
  1.6720174388523856E+00
  1.6631417707352403E+00
  1.6542979974135732E+00
  1.6454861188873826E+00
  1.6367061351566696E+00
  1.6279580462214343E+00
ARRAY pre_srf 6
  1.0270907053503381E+05
  1.0265903704952281E+05
  1.0260929422901350E+05
  1.0255984066606127E+05
  1.0251067495322149E+05
  1.0246179568304960E+05
ARRAY u 72
  2.8000000000000000E+01
  2.8000000000000000E+01
  2.5500000000000000E+01
  2.3000000000000000E+01
  2.0500000000000000E+01
  1.8000000000000000E+01
  1.5500000000000000E+01
  1.3000000000000000E+01
  1.0500000000000002E+01
  7.9999999999999991E+00
  5.4999999999999991E+00
  3.0000000000000000E+00
  2.7999999999999996E+01
  2.7999999999999996E+01
  2.5500000000000000E+01
  2.3000000000000004E+01
  2.0499999999999996E+01
  1.8000000000000000E+01
  1.5500000000000000E+01
  1.2999999999999998E+01
  1.0500000000000002E+01
  7.9999999999999991E+00
  5.4999999999999991E+00
  2.9999999999999996E+00
  2.8000000000000000E+01
  2.8000000000000000E+01
  2.5500000000000000E+01
  2.3000000000000000E+01
  2.0500000000000000E+01
  1.8000000000000000E+01
  1.5500000000000002E+01
  1.3000000000000000E+01
  1.0500000000000002E+01
  7.9999999999999991E+00
  5.4999999999999991E+00
  3.0000000000000000E+00
  2.8000000000000000E+01
  2.8000000000000000E+01
  2.5500000000000000E+01
  2.3000000000000000E+01
  2.0500000000000000E+01
  1.8000000000000000E+01
  1.5500000000000000E+01
  1.3000000000000000E+01
  1.0500000000000002E+01
  7.9999999999999991E+00
  5.4999999999999991E+00
  3.0000000000000000E+00
  2.7999999999999996E+01
  2.7999999999999996E+01
  2.5500000000000000E+01
  2.2999999999999996E+01
  2.0499999999999996E+01
  1.8000000000000000E+01
  1.5499999999999998E+01
  1.2999999999999998E+01
  1.0500000000000002E+01
  7.9999999999999982E+00
  5.4999999999999991E+00
  2.9999999999999996E+00
  2.8000000000000000E+01
  2.8000000000000000E+01
  2.5500000000000000E+01
  2.3000000000000004E+01
  2.0500000000000000E+01
  1.8000000000000000E+01
  1.5500000000000000E+01
  1.3000000000000000E+01
  1.0500000000000004E+01
  8.0000000000000000E+00
  5.4999999999999991E+00
  3.0000000000000004E+00
ARRAY v 72
  6.0000000000000000E+00
  6.0000000000000000E+00
  5.4000000000000004E+00
  4.8000000000000016E+00
  4.1999999999999993E+00
  3.5999999999999996E+00
  3.0000000000000000E+00
  2.4000000000000008E+00
  1.8000000000000003E+00
  1.2000000000000000E+00
  5.9999999999999998E-01
  0.0000000000000000E+00
  6.0000000000000009E+00
  6.0000000000000009E+00
  5.4000000000000012E+00
  4.8000000000000016E+00
  4.1999999999999993E+00
  3.6000000000000001E+00
  3.0000000000000000E+00
  2.4000000000000004E+00
  1.8000000000000005E+00
  1.1999999999999997E+00
  5.9999999999999998E-01
  1.1427045102716218E-16
  6.0000000000000000E+00
  6.0000000000000000E+00
  5.4000000000000004E+00
  4.8000000000000007E+00
  4.1999999999999993E+00
  3.6000000000000005E+00
  3.0000000000000004E+00
  2.4000000000000008E+00
  1.8000000000000003E+00
  1.2000000000000000E+00
  5.9999999999999998E-01
  5.0757166933985783E-17
  6.0000000000000000E+00
  6.0000000000000000E+00
  5.4000000000000004E+00
  4.8000000000000016E+00
  4.1999999999999993E+00
  3.5999999999999996E+00
  3.0000000000000000E+00
  2.4000000000000008E+00
  1.8000000000000005E+00
  1.1999999999999997E+00
  5.9999999999999998E-01
  9.5186986464430168E-18
  6.0000000000000000E+00
  6.0000000000000000E+00
  5.4000000000000004E+00
  4.7999999999999998E+00
  4.1999999999999993E+00
  3.5999999999999992E+00
  2.9999999999999996E+00
  2.4000000000000004E+00
  1.8000000000000000E+00
  1.2000000000000000E+00
  5.9999999999999976E-01
  7.8594917244335198E-19
  6.0000000000000018E+00
  6.0000000000000018E+00
  5.3999999999999995E+00
  4.7999999999999980E+00
  4.1999999999999984E+00
  3.5999999999999996E+00
  3.0000000000000000E+00
  2.3999999999999999E+00
  1.8000000000000003E+00
  1.1999999999999991E+00
  5.9999999999999964E-01
 -2.0537394927525465E-16
ARRAY vx2 72
  2.2392304845413264E+01
  2.2392304845413264E+01
  2.0153074360871944E+01
  1.7913843876330620E+01
  1.5674613391789283E+01
  1.3435382907247957E+01
  1.1196152422706632E+01
  8.9569219381653102E+00
  6.7176914536239805E+00
  4.4784609690826533E+00
  2.2392304845413267E+00
  0.0000000000000000E+00
 -1.1296982646666809E+01
 -1.1296982646666809E+01
 -1.0346586125238202E+01
 -9.3961896038095922E+00
 -8.4457930823809804E+00
 -7.4953965609523747E+00
 -6.5450000395237655E+00
 -5.5946035180951545E+00
 -4.6442069966665471E+00
 -3.6938104752379366E+00
 -2.7434139538093274E+00
 -1.7930174323807184E+00
 -2.1172485297182934E+01
 -2.1172485297182934E+01
 -1.9293157036993613E+01
 -1.7413828776804294E+01
 -1.5534500516614978E+01
 -1.3655172256425660E+01
 -1.1775843996236343E+01
 -9.8965157360470233E+00
 -8.0171874758577086E+00
 -6.1378592156683887E+00
 -4.2585309554790705E+00
 -2.3792026952897540E+00
 -2.8416102124726091E+01
 -2.8416102124726091E+01
 -2.5874491912253479E+01
 -2.3332881699780870E+01
 -2.0791271487308261E+01
 -1.8249661274835653E+01
 -1.5708051062363046E+01
 -1.3166440849890435E+01
 -1.0624830637417828E+01
 -8.0832204249452175E+00
 -5.5416102124726079E+00
 -3.0000000000000000E+00
 -3.7954508391919468E+01
 -3.7954508391919468E+01
 -3.4576876096919541E+01
 -3.1199243801919597E+01
 -2.7821611506919663E+01
 -2.4443979211919732E+01
 -2.1066346916919791E+01
 -1.7688714621919853E+01
 -1.4311082326919923E+01
 -1.0933450031919984E+01
 -7.5558177369200479E+00
 -4.1781854419201121E+00
 -7.5775194491538699E+01
 -7.5775194491538699E+01
 -6.9147163180668301E+01
 -6.2519131869797917E+01
 -5.5891100558927512E+01
 -4.9263069248057100E+01
 -4.2635037937186702E+01
 -3.6007006626316297E+01
 -2.9378975315445906E+01
 -2.2750944004575498E+01
 -1.6122912693705089E+01
 -9.4948813828346914E+00
ARRAY vy2 72
  1.0818369254437566E+02
  1.0818369254437566E+02
  9.8524434281484972E+01
  8.8865176018594283E+01
  7.9205917755703609E+01
  6.9546659492812921E+01
  5.9887401229922240E+01
  5.0228142967031559E+01
  4.0568884704140878E+01
  3.0909626441250186E+01
  2.1250368178359501E+01
  1.1591109915468820E+01
  3.8423666965568351E+01
  3.8423666965568351E+01
  3.4965814098244991E+01
  3.1507961230921630E+01
  2.8050108363598262E+01
  2.4592255496274905E+01
  2.1134402628951541E+01
  1.7676549761628177E+01
  1.4218696894304820E+01
  1.0760844026981454E+01
  7.3029911596580916E+00
  3.8451382923347301E+00
  1.9864521577794292E+01
  1.9864521577794292E+01
  1.8077708230426225E+01
  1.6290894883058158E+01
  1.4504081535690093E+01
  1.2717268188322024E+01
  1.0930454840953958E+01
  9.1436414935858910E+00
  7.3568281462178247E+00
  5.5700147988497566E+00
  3.7832014514816894E+00
  1.9963881041136231E+00
  5.9496631174563115E+00
  5.9496631174563115E+00
  5.4350815634400167E+00
  4.9205000094237210E+00
  4.4059184554074280E+00
  3.8913369013911332E+00
  3.3767553473748397E+00
  2.8621737933585445E+00
  2.3475922393422510E+00
  1.8330106853259565E+00
  1.3184291313096619E+00
  8.0384757729336798E-01
 -1.2784963540335724E+01
 -1.2784963540335724E+01
 -1.1580139868683537E+01
 -1.0375316197031346E+01
 -9.1704925253791565E+00
 -7.9656688537269691E+00
 -6.7608451820747799E+00
 -5.5560215104225916E+00
 -4.3511978387704033E+00
 -3.1463741671182137E+00
 -1.9415504954660250E+00
 -7.3672682381383670E-01
 -8.0394319131362778E+01
 -8.0394319131362778E+01
 -7.3019725970093276E+01
 -6.5645132808823789E+01
 -5.8270539647554301E+01
 -5.0895946486284814E+01
 -4.3521353325015326E+01
 -3.6146760163745839E+01
 -2.8772167002476355E+01
 -2.1397573841206857E+01
 -1.4022980679937366E+01
 -6.6483875186678780E+00
ARRAY vz2 72
  6.0000000000000000E+00
  6.0000000000000000E+00
  5.4000000000000004E+00
  4.8000000000000016E+00
  4.1999999999999993E+00
  3.5999999999999996E+00
  3.0000000000000000E+00
  2.4000000000000008E+00
  1.8000000000000003E+00
  1.2000000000000000E+00
  5.9999999999999998E-01
  0.0000000000000000E+00
  6.0000000000000009E+00
  6.0000000000000009E+00
  5.4000000000000012E+00
  4.8000000000000016E+00
  4.1999999999999993E+00
  3.6000000000000001E+00
  3.0000000000000000E+00
  2.4000000000000004E+00
  1.8000000000000003E+00
  1.1999999999999997E+00
  5.9999999999999998E-01
  1.1427045102716218E-16
  6.0000000000000000E+00
  6.0000000000000000E+00
  5.4000000000000004E+00
  4.8000000000000007E+00
  4.1999999999999993E+00
  3.6000000000000005E+00
  3.0000000000000004E+00
  2.4000000000000008E+00
  1.8000000000000003E+00
  1.2000000000000000E+00
  5.9999999999999998E-01
  5.0757166933985783E-17
  6.0000000000000000E+00
  6.0000000000000000E+00
  5.4000000000000004E+00
  4.8000000000000016E+00
  4.1999999999999993E+00
  3.5999999999999996E+00
  3.0000000000000000E+00
  2.4000000000000008E+00
  1.8000000000000005E+00
  1.1999999999999997E+00
  5.9999999999999998E-01
  9.5186986464430168E-18
  6.0000000000000000E+00
  6.0000000000000000E+00
  5.4000000000000004E+00
  4.7999999999999998E+00
  4.1999999999999993E+00
  3.5999999999999996E+00
  2.9999999999999991E+00
  2.4000000000000004E+00
  1.8000000000000000E+00
  1.2000000000000000E+00
  5.9999999999999976E-01
  7.8594917244335188E-19
  6.0000000000000018E+00
  6.0000000000000018E+00
  5.3999999999999995E+00
  4.7999999999999980E+00
  4.1999999999999984E+00
  3.5999999999999996E+00
  3.0000000000000000E+00
  2.3999999999999999E+00
  1.8000000000000003E+00
  1.1999999999999991E+00
  5.9999999999999964E-01
 -2.0537394927525465E-16
