       5      40   1.20000000000000000E+03
   3.00000000000000000E+02
   3.03644525595500454E+02
   3.07245037609810936E+02
   3.10795827009722700E+02
   3.14290887967171841E+02
   3.17723905367307907E+02
   3.21088241839304601E+02
   3.24376924292668946E+02
   3.27582629941202526E+02
   3.30697671796151496E+02
   3.33713983609434763E+02
   3.36623104247179697E+02
   3.39416161473105433E+02
   3.42083855120586406E+02
   3.44616439631492028E+02
   3.47003705939142719E+02
   3.49234962671935818E+02
   3.51299016653384967E+02
   3.53184152673479048E+02
   3.54878112505397951E+02
   3.56368073140729962E+02
   3.66810896631184903E+02
   3.77559731155377278E+02
   3.88623543900471986E+02
   4.00011564823393030E+02
   4.11733294350891356E+02
   4.23798511305250713E+02
   4.36217281062244638E+02
   4.48999963948150423E+02
   4.62157223882823530E+02
   4.75700037276045691E+02
   4.89639702184565238E+02
   5.03987847737472748E+02
   5.18756443837770121E+02
   5.33957811148232508E+02
   5.49604631369887670E+02
   5.65709957821693138E+02
   5.82287226330232556E+02
   5.99350266438519498E+02
   6.16913312943257779E+02
   2.98000000000000000E+02
   3.01585918642310617E+02
   3.05126106315950153E+02
   3.08614803662286079E+02
   3.12045953053120627E+02
   3.15413186055545680E+02
   3.18709810418272752E+02
   3.21928796562158198E+02
   3.25062763557039432E+02
   3.28103964566377726E+02
   3.31044271740559282E+02
   3.33875160539039427E+02
   3.36587693460829598E+02
   3.39172503162113344E+02
   3.41619774939044248E+02
   3.43919228553017035E+02
   3.46060099374918195E+02
   3.48031118824051191E+02
   3.49820494076588773E+02
   3.51415887017540399E+02
   3.56368073140729962E+02
   3.66810896631184903E+02
   3.77559731155377278E+02
   3.88623543900471986E+02
   4.00011564823393030E+02
   4.11733294350891356E+02
   4.23798511305250713E+02
   4.36217281062244638E+02
   4.48999963948150423E+02
   4.62157223882823530E+02
   4.75700037276045691E+02
   4.89639702184565238E+02
   5.03987847737472748E+02
   5.18756443837770121E+02
   5.33957811148232508E+02
   5.49604631369887670E+02
   5.65709957821693138E+02
   5.82287226330232556E+02
   5.99350266438519498E+02
   6.16913312943257779E+02
   2.96000000000000000E+02
   2.99527311689120779E+02
   3.03007175022089370E+02
   3.06433780314849400E+02
   3.09801018139069413E+02
   3.13102466743783395E+02
   3.16331378997240847E+02
   3.19480668831647506E+02
   3.22542897172876337E+02
   3.25510257336604013E+02
   3.28374559871683800E+02
   3.31127216830899215E+02
   3.33759225448553707E+02
   3.36261151203640281E+02
   3.38623110246596525E+02
   3.40834751166891294E+02
   3.42885236077900629E+02
   3.44763220994717358E+02
   3.46456835479698498E+02
   3.47953661529682904E+02
   3.56368073140729962E+02
   3.66810896631184903E+02
   3.77559731155377278E+02
   3.88623543900471986E+02
   4.00011564823393030E+02
   4.11733294350891356E+02
   4.23798511305250713E+02
   4.36217281062244638E+02
   4.48999963948150423E+02
   4.62157223882823530E+02
   4.75700037276045691E+02
   4.89639702184565238E+02
   5.03987847737472748E+02
   5.18756443837770121E+02
   5.33957811148232508E+02
   5.49604631369887670E+02
   5.65709957821693138E+02
   5.82287226330232556E+02
   5.99350266438519498E+02
   6.16913312943257779E+02
   2.94000000000000000E+02
   2.97468704735930942E+02
   3.00888243728228645E+02
   3.04252756967412779E+02
   3.07556083225018142E+02
   3.10791747432021168E+02
   3.13952947576208999E+02
   3.17032541101136815E+02
   3.20023030788713243E+02
   3.22916550106830243E+02
   3.25704848002808319E+02
   3.28379273122758946E+02
   3.30930757436277815E+02
   3.33349799245167219E+02
   3.35626445554148745E+02
   3.37750273780765610E+02
   3.39710372780883006E+02
   3.41495323165383525E+02
   3.43093176882808223E+02
   3.46222548785754100E+02
   3.56368073140729962E+02
   3.66810896631184903E+02
   3.77559731155377278E+02
   3.88623543900471986E+02
   4.00011564823393030E+02
   4.11733294350891356E+02
   4.23798511305250713E+02
   4.36217281062244638E+02
   4.48999963948150423E+02
   4.62157223882823530E+02
   4.75700037276045691E+02
   4.89639702184565238E+02
   5.03987847737472748E+02
   5.18756443837770121E+02
   5.33957811148232508E+02
   5.49604631369887670E+02
   5.65709957821693138E+02
   5.82287226330232556E+02
   5.99350266438519498E+02
   6.16913312943257779E+02
   2.92000000000000000E+02
   2.95410097782741104E+02
   2.98769312434367862E+02
   3.02071733619976101E+02
   3.05311148310966928E+02
   3.08481028120258941E+02
   3.11574516155177093E+02
   3.14584413370626066E+02
   3.17503164404550148E+02
   3.20322842877056530E+02
   3.23035136133932838E+02
   3.25631329414618733E+02
   3.28102289424001924E+02
   3.30438447286694100E+02
   3.32629780861700965E+02
   3.34665796394639870E+02
   3.36535509483865440E+02
   3.38227425336049748E+02
   3.39729518285917948E+02
   3.46222548785754100E+02
   3.56368073140729962E+02
   3.66810896631184903E+02
   3.77559731155377278E+02
   3.88623543900471986E+02
   4.00011564823393030E+02
   4.11733294350891356E+02
   4.23798511305250713E+02
   4.36217281062244638E+02
   4.48999963948150423E+02
   4.62157223882823530E+02
   4.75700037276045691E+02
   4.89639702184565238E+02
   5.03987847737472748E+02
   5.18756443837770121E+02
   5.33957811148232508E+02
   5.49604631369887670E+02
   5.65709957821693138E+02
   5.82287226330232556E+02
   5.99350266438519498E+02
   6.16913312943257779E+02
   2.16340536742287738E-02
   1.72940256900173429E-02
   1.36703715823092847E-02
   1.06768371679147461E-02
   8.23205415566362342E-03
   6.25998837281189352E-03
   4.69033454702524975E-03
   3.45884028940194070E-03
   2.50754008708687194E-03
   1.78488105618460242E-03
   1.24572596397173321E-03
   8.51225299540716500E-04
   5.68558297336574348E-04
   3.70551844178731527E-04
   2.35194994304291149E-04
   1.45074233642220236E-04
   8.67596997048674653E-05
   5.01746357373798445E-05
   2.79792347349983331E-05
   1.49959749676460096E-05
   7.69723817932098343E-06
   8.25742293506624031E-06
   8.84968905374814116E-06
   9.47452314135377482E-06
   1.01321523169142598E-05
   1.08224834976487805E-05
   1.15450327016762283E-05
   1.22988429309839122E-05
   1.30823890043357738E-05
   1.38934674919475893E-05
   1.47290696579373373E-05
   1.55852350392736247E-05
   1.64568829772600979E-05
   1.73376190650866047E-05
   1.82195130776827396E-05
   1.90928445024395494E-05
   1.99458112850483400E-05
   2.07641968366838776E-05
   2.15309897091020692E-05
   2.22259496240077433E-05
   1.91406965580485540E-02
   1.52398145012414554E-02
   1.19943766564524958E-02
   9.32384516886072649E-03
   7.15232926239514014E-03
   5.40905015421094728E-03
   4.02874103647554542E-03
   2.95196457875340768E-03
   2.12532984562057532E-03
   1.50159266843025402E-03
   1.03962826133498893E-03
   7.04271793636558293E-04
   4.66030963451251974E-04
   3.00683357849071767E-04
   1.88779420375557853E-04
   1.15078128182287401E-04
   6.79461901726334083E-05
   3.87522654346540650E-05
   2.12853597665924668E-05
   1.12216139709227254E-05
   7.69723817932098343E-06
   8.25742293506624031E-06
   8.84968905374814116E-06
   9.47452314135377482E-06
   1.01321523169142598E-05
   1.08224834976487805E-05
   1.15450327016762283E-05
   1.22988429309839122E-05
   1.30823890043357738E-05
   1.38934674919475893E-05
   1.47290696579373373E-05
   1.55852350392736247E-05
   1.64568829772600979E-05
   1.73376190650866047E-05
   1.82195130776827396E-05
   1.90928445024395494E-05
   1.99458112850483400E-05
   2.07641968366838776E-05
   2.15309897091020692E-05
   2.22259496240077433E-05
   1.69109592854614979E-02
   1.34086145992799097E-02
   1.05056661191653133E-02
   8.12683575335610212E-03
   6.20130842537730195E-03
   4.66320172459390187E-03
   3.45196018763303629E-03
   2.51265692673483801E-03
   1.79618598103386271E-03
   1.25933200313287346E-03
   8.64709479305934966E-04
   5.80571063287205007E-04
   3.80492941725359439E-04
   2.42953420633172244E-04
   1.50828065558383795E-04
   9.08298115931327943E-05
   5.29248326069316796E-05
   2.97543620742387248E-05
   1.60892599756035529E-05
   8.33848335096062921E-06
   7.69723817932098343E-06
   8.25742293506624031E-06
   8.84968905374814116E-06
   9.47452314135377482E-06
   1.01321523169142598E-05
   1.08224834976487805E-05
   1.15450327016762283E-05
   1.22988429309839122E-05
   1.30823890043357738E-05
   1.38934674919475893E-05
   1.47290696579373373E-05
   1.55852350392736247E-05
   1.64568829772600979E-05
   1.73376190650866047E-05
   1.82195130776827396E-05
   1.90928445024395494E-05
   1.99458112850483400E-05
   2.07641968366838776E-05
   2.15309897091020692E-05
   2.22259496240077433E-05
   1.49188178985588775E-02
   1.17780663515385086E-02
   9.18508634173577886E-03
   7.06946923239593593E-03
   5.36512750183765381E-03
   4.01075898768763883E-03
   2.95022636949313685E-03
   2.13283531341087410E-03
   1.51349649914635058E-03
   1.05276094741525760E-03
   7.16724315667222034E-04
   4.76803476611147232E-04
   3.09396845444558414E-04
   1.95447563356347236E-04
   1.19934792525348456E-04
   7.13222346361592357E-05
   4.09940733350556939E-05
   2.27067812123259646E-05
   1.20809499916538963E-05
   7.16844069237211392E-06
   7.69723817932098343E-06
   8.25742293506624031E-06
   8.84968905374814116E-06
   9.47452314135377482E-06
   1.01321523169142598E-05
   1.08224834976487805E-05
   1.15450327016762283E-05
   1.22988429309839122E-05
   1.30823890043357738E-05
   1.38934674919475893E-05
   1.47290696579373373E-05
   1.55852350392736247E-05
   1.64568829772600979E-05
   1.73376190650866047E-05
   1.82195130776827396E-05
   1.90928445024395494E-05
   1.99458112850483400E-05
   2.07641968366838776E-05
   2.15309897091020692E-05
   2.22259496240077433E-05
   1.31408080483367794E-02
   1.03279899678184062E-02
   8.01534613782411802E-03
   6.13700129148064474E-03
   4.63129106505453126E-03
   3.44121225182461186E-03
   2.51477997291808504E-03
   1.80527631500310148E-03
   1.27137781582808149E-03
   8.77154192302513646E-04
   5.91937440026800974E-04
   3.90068154468090858E-04
   2.50533712316756789E-04
   1.56519828753144355E-04
   9.49020866222810512E-05
   5.57066673027099068E-05
   3.15693947279632964E-05
   1.72194207365349221E-05
   9.00889131353500336E-06
   7.16844069237211392E-06
   7.69723817932098343E-06
   8.25742293506624031E-06
   8.84968905374814116E-06
   9.47452314135377482E-06
   1.01321523169142598E-05
   1.08224834976487805E-05
   1.15450327016762283E-05
   1.22988429309839122E-05
   1.30823890043357738E-05
   1.38934674919475893E-05
   1.47290696579373373E-05
   1.55852350392736247E-05
   1.64568829772600979E-05
   1.73376190650866047E-05
   1.82195130776827396E-05
   1.90928445024395494E-05
   1.99458112850483400E-05
   2.07641968366838776E-05
   2.15309897091020692E-05
   2.22259496240077433E-05
   3.00000000000000028E-04
   2.71153846153846206E-04
   2.42307692307692330E-04
   2.13461538461538481E-04
   1.84615384615384633E-04
   1.55769230769230757E-04
   1.26923076923076962E-04
   9.80769230769230725E-05
   6.92307692307692237E-05
   4.03846153846154087E-05
   1.15384615384615311E-05
   0.00000000000000000E+00
   0.00000000000000000E+00
   0.00000000000000000E+00
   0.00000000000000000E+00
   0.00000000000000000E+00
   0.00000000000000000E+00
   0.00000000000000000E+00
   0.00000000000000000E+00
   0.00000000000000000E+00
   0.00000000000000000E+00
   0.00000000000000000E+00
   0.00000000000000000E+00
   0.00000000000000000E+00
   0.00000000000000000E+00
   0.00000000000000000E+00
   0.00000000000000000E+00
   0.00000000000000000E+00
   0.00000000000000000E+00
   0.00000000000000000E+00
   0.00000000000000000E+00
   0.00000000000000000E+00
   0.00000000000000000E+00
   0.00000000000000000E+00
   0.00000000000000000E+00
   0.00000000000000000E+00
   0.00000000000000000E+00
   0.00000000000000000E+00
   0.00000000000000000E+00
   0.00000000000000000E+00
   9.00000000000000192E-04
   8.13461538461538619E-04
   7.26923076923077045E-04
   6.40384615384615580E-04
   5.53846153846154006E-04
   4.67307692307692324E-04
   3.80769230769230913E-04
   2.94230769230769231E-04
   2.07692307692307712E-04
   1.21153846153846246E-04
   3.46153846153845983E-05
   0.00000000000000000E+00
   0.00000000000000000E+00
   0.00000000000000000E+00
   0.00000000000000000E+00
   0.00000000000000000E+00
   0.00000000000000000E+00
   0.00000000000000000E+00
   0.00000000000000000E+00
   0.00000000000000000E+00
   0.00000000000000000E+00
   0.00000000000000000E+00
   0.00000000000000000E+00
   0.00000000000000000E+00
   0.00000000000000000E+00
   0.00000000000000000E+00
   0.00000000000000000E+00
   0.00000000000000000E+00
   0.00000000000000000E+00
   0.00000000000000000E+00
   0.00000000000000000E+00
   0.00000000000000000E+00
   0.00000000000000000E+00
   0.00000000000000000E+00
   0.00000000000000000E+00
   0.00000000000000000E+00
   0.00000000000000000E+00
   0.00000000000000000E+00
   0.00000000000000000E+00
   0.00000000000000000E+00
   1.50000000000000003E-03
   1.35576923076923071E-03
   1.21153846153846160E-03
   1.06730769230769227E-03
   9.23076923076923163E-04
   7.78846153846153729E-04
   6.34615384615384729E-04
   4.90384615384615295E-04
   3.46153846153846078E-04
   2.01923076923077050E-04
   5.76923076923076570E-05
   0.00000000000000000E+00
   0.00000000000000000E+00
   0.00000000000000000E+00
   0.00000000000000000E+00
   0.00000000000000000E+00
   0.00000000000000000E+00
   0.00000000000000000E+00
   0.00000000000000000E+00
   0.00000000000000000E+00
   0.00000000000000000E+00
   0.00000000000000000E+00
   0.00000000000000000E+00
   0.00000000000000000E+00
   0.00000000000000000E+00
   0.00000000000000000E+00
   0.00000000000000000E+00
   0.00000000000000000E+00
   0.00000000000000000E+00
   0.00000000000000000E+00
   0.00000000000000000E+00
   0.00000000000000000E+00
   0.00000000000000000E+00
   0.00000000000000000E+00
   0.00000000000000000E+00
   0.00000000000000000E+00
   0.00000000000000000E+00
   0.00000000000000000E+00
   0.00000000000000000E+00
   0.00000000000000000E+00
   2.10000000000000030E-03
   1.89807692307692333E-03
   1.69615384615384637E-03
   1.49423076923076940E-03
   1.29230769230769264E-03
   1.09038461538461546E-03
   8.88461538461538707E-04
   6.86538461538461521E-04
   4.84615384615384606E-04
   2.82692307692307908E-04
   8.07692307692307225E-05
   0.00000000000000000E+00
   0.00000000000000000E+00
   0.00000000000000000E+00
   0.00000000000000000E+00
   0.00000000000000000E+00
   0.00000000000000000E+00
   0.00000000000000000E+00
   0.00000000000000000E+00
   0.00000000000000000E+00
   0.00000000000000000E+00
   0.00000000000000000E+00
   0.00000000000000000E+00
   0.00000000000000000E+00
   0.00000000000000000E+00
   0.00000000000000000E+00
   0.00000000000000000E+00
   0.00000000000000000E+00
   0.00000000000000000E+00
   0.00000000000000000E+00
   0.00000000000000000E+00
   0.00000000000000000E+00
   0.00000000000000000E+00
   0.00000000000000000E+00
   0.00000000000000000E+00
   0.00000000000000000E+00
   0.00000000000000000E+00
   0.00000000000000000E+00
   0.00000000000000000E+00
   0.00000000000000000E+00
   2.70000000000000014E-03
   2.44038461538461553E-03
   2.18076923076923092E-03
   1.92115384615384631E-03
   1.66153846153846169E-03
   1.40192307692307686E-03
   1.14230769230769247E-03
   8.82692307692307639E-04
   6.23076923076923027E-04
   3.63461538461538685E-04
   1.03846153846153788E-04
   0.00000000000000000E+00
   0.00000000000000000E+00
   0.00000000000000000E+00
   0.00000000000000000E+00
   0.00000000000000000E+00
   0.00000000000000000E+00
   0.00000000000000000E+00
   0.00000000000000000E+00
   0.00000000000000000E+00
   0.00000000000000000E+00
   0.00000000000000000E+00
   0.00000000000000000E+00
   0.00000000000000000E+00
   0.00000000000000000E+00
   0.00000000000000000E+00
   0.00000000000000000E+00
   0.00000000000000000E+00
   0.00000000000000000E+00
   0.00000000000000000E+00
   0.00000000000000000E+00
   0.00000000000000000E+00
   0.00000000000000000E+00
   0.00000000000000000E+00
   0.00000000000000000E+00
   0.00000000000000000E+00
   0.00000000000000000E+00
   0.00000000000000000E+00
   0.00000000000000000E+00
   0.00000000000000000E+00
   1.60000000000000013E-04
   1.44615384615384636E-04
   1.29230769230769232E-04
   1.13846153846153855E-04
   9.84615384615384779E-05
   8.30769230769230738E-05
   6.76923076923077104E-05
   5.23076923076923062E-05
   3.69230769230769224E-05
   2.15384615384615522E-05
   6.15384615384615064E-06
   0.00000000000000000E+00
   0.00000000000000000E+00
   0.00000000000000000E+00
   0.00000000000000000E+00
   0.00000000000000000E+00
   0.00000000000000000E+00
   0.00000000000000000E+00
   0.00000000000000000E+00
   0.00000000000000000E+00
   0.00000000000000000E+00
   0.00000000000000000E+00
   0.00000000000000000E+00
   0.00000000000000000E+00
   0.00000000000000000E+00
   0.00000000000000000E+00
   0.00000000000000000E+00
   0.00000000000000000E+00
   0.00000000000000000E+00
   0.00000000000000000E+00
   0.00000000000000000E+00
   0.00000000000000000E+00
   0.00000000000000000E+00
   0.00000000000000000E+00
   0.00000000000000000E+00
   0.00000000000000000E+00
   0.00000000000000000E+00
   0.00000000000000000E+00
   0.00000000000000000E+00
   0.00000000000000000E+00
   4.80000000000000121E-04
   4.33846153846153962E-04
   3.87692307692307804E-04
   3.41538461538461646E-04
   2.95384615384615488E-04
   2.49230769230769276E-04
   2.03076923076923145E-04
   1.56923076923076932E-04
   1.10769230769230774E-04
   6.46153846153846702E-05
   1.84615384615384544E-05
   0.00000000000000000E+00
   0.00000000000000000E+00
   0.00000000000000000E+00
   0.00000000000000000E+00
   0.00000000000000000E+00
   0.00000000000000000E+00
   0.00000000000000000E+00
   0.00000000000000000E+00
   0.00000000000000000E+00
   0.00000000000000000E+00
   0.00000000000000000E+00
   0.00000000000000000E+00
   0.00000000000000000E+00
   0.00000000000000000E+00
   0.00000000000000000E+00
   0.00000000000000000E+00
   0.00000000000000000E+00
   0.00000000000000000E+00
   0.00000000000000000E+00
   0.00000000000000000E+00
   0.00000000000000000E+00
   0.00000000000000000E+00
   0.00000000000000000E+00
   0.00000000000000000E+00
   0.00000000000000000E+00
   0.00000000000000000E+00
   0.00000000000000000E+00
   0.00000000000000000E+00
   0.00000000000000000E+00
   8.00000000000000038E-04
   7.23076923076923072E-04
   6.46153846153846214E-04
   5.69230769230769248E-04
   4.92307692307692390E-04
   4.15384615384615369E-04
   3.38461538461538511E-04
   2.61538461538461491E-04
   1.84615384615384578E-04
   1.07692307692307761E-04
   3.07692307692307472E-05
   0.00000000000000000E+00
   0.00000000000000000E+00
   0.00000000000000000E+00
   0.00000000000000000E+00
   0.00000000000000000E+00
   0.00000000000000000E+00
   0.00000000000000000E+00
   0.00000000000000000E+00
   0.00000000000000000E+00
   0.00000000000000000E+00
   0.00000000000000000E+00
   0.00000000000000000E+00
   0.00000000000000000E+00
   0.00000000000000000E+00
   0.00000000000000000E+00
   0.00000000000000000E+00
   0.00000000000000000E+00
   0.00000000000000000E+00
   0.00000000000000000E+00
   0.00000000000000000E+00
   0.00000000000000000E+00
   0.00000000000000000E+00
   0.00000000000000000E+00
   0.00000000000000000E+00
   0.00000000000000000E+00
   0.00000000000000000E+00
   0.00000000000000000E+00
   0.00000000000000000E+00
   0.00000000000000000E+00
   1.12000000000000012E-03
   1.01230769230769234E-03
   9.04615384615384678E-04
   7.96923076923077012E-04
   6.89230769230769346E-04
   5.81538461538461571E-04
   4.73846153846153959E-04
   3.66153846153846130E-04
   2.58461538461538464E-04
   1.50769230769230879E-04
   4.30769230769230502E-05
   0.00000000000000000E+00
   0.00000000000000000E+00
   0.00000000000000000E+00
   0.00000000000000000E+00
   0.00000000000000000E+00
   0.00000000000000000E+00
   0.00000000000000000E+00
   0.00000000000000000E+00
   0.00000000000000000E+00
   0.00000000000000000E+00
   0.00000000000000000E+00
   0.00000000000000000E+00
   0.00000000000000000E+00
   0.00000000000000000E+00
   0.00000000000000000E+00
   0.00000000000000000E+00
   0.00000000000000000E+00
   0.00000000000000000E+00
   0.00000000000000000E+00
   0.00000000000000000E+00
   0.00000000000000000E+00
   0.00000000000000000E+00
   0.00000000000000000E+00
   0.00000000000000000E+00
   0.00000000000000000E+00
   0.00000000000000000E+00
   0.00000000000000000E+00
   0.00000000000000000E+00
   0.00000000000000000E+00
   1.44000000000000009E-03
   1.30153846153846162E-03
   1.16307692307692314E-03
   1.02461538461538467E-03
   8.86153846153846301E-04
   7.47692307692307610E-04
   6.09230769230769353E-04
   4.70769230769230715E-04
   3.32307692307692241E-04
   1.93846153846153956E-04
   5.53846153846153532E-05
   0.00000000000000000E+00
   0.00000000000000000E+00
   0.00000000000000000E+00
   0.00000000000000000E+00
   0.00000000000000000E+00
   0.00000000000000000E+00
   0.00000000000000000E+00
   0.00000000000000000E+00
   0.00000000000000000E+00
   0.00000000000000000E+00
   0.00000000000000000E+00
   0.00000000000000000E+00
   0.00000000000000000E+00
   0.00000000000000000E+00
   0.00000000000000000E+00
   0.00000000000000000E+00
   0.00000000000000000E+00
   0.00000000000000000E+00
   0.00000000000000000E+00
   0.00000000000000000E+00
   0.00000000000000000E+00
   0.00000000000000000E+00
   0.00000000000000000E+00
   0.00000000000000000E+00
   0.00000000000000000E+00
   0.00000000000000000E+00
   0.00000000000000000E+00
   0.00000000000000000E+00
   0.00000000000000000E+00
   1.16144018583042974E+00
   1.06756431522297923E+00
   9.81558137213816129E-01
   9.02749230341691411E-01
   8.30523483151244357E-01
   7.64319984959458631E-01
   7.03626368365323773E-01
   6.47974563302194384E-01
   5.96936926033944104E-01
   5.50122709773839702E-01
   5.07174846588411166E-01
   4.67767012964170392E-01
   4.31600953887089189E-01
   3.98404042535400960E-01
   3.67927054735655790E-01
   3.39942139198351256E-01
   3.14240966249626053E-01
   2.90633039324653564E-01
   2.68944154900485122E-01
   2.49014997833905766E-01
   2.30699860245118182E-01
   2.08518836332536622E-01
   1.88470444062157960E-01
   1.70349637997880998E-01
   1.53971087140000490E-01
   1.39167279447746844E-01
   1.25786808605677008E-01
   1.13692825511775800E-01
   1.02761638649823531E-01
   9.28814490313036728E-02
   8.39512067684361762E-02
   7.58795775839093689E-02
   6.85840086872615690E-02
   6.19898844641411165E-02
   5.60297633432338613E-02
   5.06426880358969433E-02
   4.57735620939560758E-02
   4.13725864093964224E-02
   3.73947498927330660E-02
   3.37993691209613548E-02
   1.16923508640647289E+00
   1.07485144365453533E+00
   9.88374513166689894E-01
   9.09129083559653939E-01
   8.36498472238663360E-01
   7.69919398768685426E-01
   7.08877311412826172E-01
   6.52902126521222481E-01
   6.01564344065214973E-01
   5.54471505898534112E-01
   5.11264966318962899E-01
   4.71616947227250005E-01
   4.35227852659249625E-01
   4.01823819724546005E-01
   3.71154485040354531E-01
   3.42990947621654885E-01
   3.17123910894118011E-01
   2.93361988050706624E-01
   2.71530156389912847E-01
   2.51468347566259520E-01
   2.30699860245118182E-01
   2.08518836332536622E-01
   1.88470444062157960E-01
   1.70349637997880998E-01
   1.53971087140000490E-01
   1.39167279447746844E-01
   1.25786808605677008E-01
   1.13692825511775800E-01
   1.02761638649823531E-01
   9.28814490313036728E-02
   8.39512067684361762E-02
   7.58795775839093689E-02
   6.85840086872615690E-02
   6.19898844641411165E-02
   5.60297633432338613E-02
   5.06426880358969433E-02
   4.57735620939560758E-02
   4.13725864093964224E-02
   3.73947498927330660E-02
   3.37993691209613548E-02
   1.17713532347678695E+00
   1.08223873879992749E+00
   9.95286223048974406E-01
   9.15599753193530486E-01
   8.42560055370827676E-01
   7.75601460752218141E-01
   7.14207216009915102E-01
   6.57905207950503890E-01
   6.06264065503224536E-01
   5.58889605547127966E-01
   5.15421592061393485E-01
   4.75530780814198140E-01
   4.38916224291955148E-01
   4.05302813834715225E-01
   3.74439038005313418E-01
   3.46094938097868954E-01
   3.20060243402396860E-01
   2.96142670401898178E-01
   2.74166371500494555E-01
   2.53970520178859127E-01
   2.30699860245118182E-01
   2.08518836332536622E-01
   1.88470444062157960E-01
   1.70349637997880998E-01
   1.53971087140000490E-01
   1.39167279447746844E-01
   1.25786808605677008E-01
   1.13692825511775800E-01
   1.02761638649823531E-01
   9.28814490313036728E-02
   8.39512067684361762E-02
   7.58795775839093689E-02
   6.85840086872615690E-02
   6.19898844641411165E-02
   5.60297633432338613E-02
   5.06426880358969433E-02
   4.57735620939560758E-02
   4.13725864093964224E-02
   3.73947498927330660E-02
   3.37993691209613548E-02
   1.18514304676574467E+00
   1.08972828024490953E+00
   1.00229528095777010E+00
   9.22163192284523481E-01
   8.48710128767695027E-01
   7.81368014363758800E-01
   7.19617876737262963E-01
   6.62985557046646745E-01
   6.11037798302462520E-01
   5.63378678684052669E-01
   5.19646359209437692E-01
   4.79510117892141208E-01
   4.42667645012399191E-01
   4.08842576400957280E-01
   3.77782243701789422E-01
   3.49255622464059501E-01
   3.23051460630456644E-01
   2.98976571554069426E-01
   2.76854277103440571E-01
   2.55240372779753422E-01
   2.30699860245118182E-01
   2.08518836332536622E-01
   1.88470444062157960E-01
   1.70349637997880998E-01
   1.53971087140000490E-01
   1.39167279447746844E-01
   1.25786808605677008E-01
   1.13692825511775800E-01
   1.02761638649823531E-01
   9.28814490313036728E-02
   8.39512067684361762E-02
   7.58795775839093689E-02
   6.85840086872615690E-02
   6.19898844641411165E-02
   5.60297633432338613E-02
   5.06426880358969433E-02
   4.57735620939560758E-02
   4.13725864093964224E-02
   3.73947498927330660E-02
   3.37993691209613548E-02
   1.19326046489427706E+00
   1.09732220554278359E+00
   1.00940375812768335E+00
   9.28821410279357607E-01
   8.54950644420398587E-01
   7.87220958291577233E-01
   7.25111142971898603E-01
   6.68144977724052569E-01
   6.15887304638196298E-01
   5.67940449361656330E-01
   5.23940957219433012E-01
   4.83556616777306936E-01
   4.46483745400437115E-01
   4.12444713637970140E-01
   3.81185687338742474E-01
   3.52474568293221380E-01
   3.26099115919423255E-01
   3.01865234081161893E-01
   2.79595408559910275E-01
   2.55240372779753422E-01
   2.30699860245118182E-01
   2.08518836332536622E-01
   1.88470444062157960E-01
   1.70349637997880998E-01
   1.53971087140000490E-01
   1.39167279447746844E-01
   1.25786808605677008E-01
   1.13692825511775800E-01
   1.02761638649823531E-01
   9.28814490313036728E-02
   8.39512067684361762E-02
   7.58795775839093689E-02
   6.85840086872615690E-02
   6.19898844641411165E-02
   5.60297633432338613E-02
   5.06426880358969433E-02
   4.57735620939560758E-02
   4.13725864093964224E-02
   3.73947498927330660E-02
   3.37993691209613548E-02
   1.00000000000000000E+00
   9.71530770796716903E-01
   9.43872038604862906E-01
   9.17000729199251019E-01
   8.90894425260099876E-01
   8.65531347671442908E-01
   8.40890337351958173E-01
   8.16950837603059199E-01
   7.93692876959523619E-01
   7.71097052528349813E-01
   7.49144513801944245E-01
   7.27816946932134612E-01
   7.07096559451889983E-01
   6.86966065432001227E-01
   6.67408671060340075E-01
   6.48408060631664673E-01
   6.29948382936285523E-01
   6.12014238036234892E-01
   5.94590664417908643E-01
   5.77663126510462921E-01
   5.61217502559551384E-01
   5.45240072846289392E-01
   5.29717508241613677E-01
   5.14636859086491150E-01
   4.99985544388700187E-01
   4.85751341327170016E-01
   4.71922375055124632E-01
   4.58487108793522613E-01
   4.45434334206529225E-01
   4.32753162050991735E-01
   4.20433013092116448E-01
   4.08463609277770145E-01
   3.96834965164040987E-01
   3.85537379584909190E-01
   3.74561427559073234E-01
   3.63897952427185090E-01
   3.53538058212930106E-01
   3.43473102201582559E-01
   3.33694687729843065E-01
   3.24194657180944201E-01
   1.00000000000000000E+00
   9.71530770796716903E-01
   9.43872038604862906E-01
   9.17000729199251019E-01
   8.90894425260099876E-01
   8.65531347671442908E-01
   8.40890337351958173E-01
   8.16950837603059199E-01
   7.93692876959523619E-01
   7.71097052528349813E-01
   7.49144513801944245E-01
   7.27816946932134612E-01
   7.07096559451889983E-01
   6.86966065432001227E-01
   6.67408671060340075E-01
   6.48408060631664673E-01
   6.29948382936285523E-01
   6.12014238036234892E-01
   5.94590664417908643E-01
   5.77663126510462921E-01
   5.61217502559551384E-01
   5.45240072846289392E-01
   5.29717508241613677E-01
   5.14636859086491150E-01
   4.99985544388700187E-01
   4.85751341327170016E-01
   4.71922375055124632E-01
   4.58487108793522613E-01
   4.45434334206529225E-01
   4.32753162050991735E-01
   4.20433013092116448E-01
   4.08463609277770145E-01
   3.96834965164040987E-01
   3.85537379584909190E-01
   3.74561427559073234E-01
   3.63897952427185090E-01
   3.53538058212930106E-01
   3.43473102201582559E-01
   3.33694687729843065E-01
   3.24194657180944201E-01
   1.00000000000000000E+00
   9.71530770796716903E-01
   9.43872038604862906E-01
   9.17000729199251019E-01
   8.90894425260099876E-01
   8.65531347671442908E-01
   8.40890337351958173E-01
   8.16950837603059199E-01
   7.93692876959523619E-01
   7.71097052528349813E-01
   7.49144513801944245E-01
   7.27816946932134612E-01
   7.07096559451889983E-01
   6.86966065432001227E-01
   6.67408671060340075E-01
   6.48408060631664673E-01
   6.29948382936285523E-01
   6.12014238036234892E-01
   5.94590664417908643E-01
   5.77663126510462921E-01
   5.61217502559551384E-01
   5.45240072846289392E-01
   5.29717508241613677E-01
   5.14636859086491150E-01
   4.99985544388700187E-01
   4.85751341327170016E-01
   4.71922375055124632E-01
   4.58487108793522613E-01
   4.45434334206529225E-01
   4.32753162050991735E-01
   4.20433013092116448E-01
   4.08463609277770145E-01
   3.96834965164040987E-01
   3.85537379584909190E-01
   3.74561427559073234E-01
   3.63897952427185090E-01
   3.53538058212930106E-01
   3.43473102201582559E-01
   3.33694687729843065E-01
   3.24194657180944201E-01
   1.00000000000000000E+00
   9.71530770796716903E-01
   9.43872038604862906E-01
   9.17000729199251019E-01
   8.90894425260099876E-01
   8.65531347671442908E-01
   8.40890337351958173E-01
   8.16950837603059199E-01
   7.93692876959523619E-01
   7.71097052528349813E-01
   7.49144513801944245E-01
   7.27816946932134612E-01
   7.07096559451889983E-01
   6.86966065432001227E-01
   6.67408671060340075E-01
   6.48408060631664673E-01
   6.29948382936285523E-01
   6.12014238036234892E-01
   5.94590664417908643E-01
   5.77663126510462921E-01
   5.61217502559551384E-01
   5.45240072846289392E-01
   5.29717508241613677E-01
   5.14636859086491150E-01
   4.99985544388700187E-01
   4.85751341327170016E-01
   4.71922375055124632E-01
   4.58487108793522613E-01
   4.45434334206529225E-01
   4.32753162050991735E-01
   4.20433013092116448E-01
   4.08463609277770145E-01
   3.96834965164040987E-01
   3.85537379584909190E-01
   3.74561427559073234E-01
   3.63897952427185090E-01
   3.53538058212930106E-01
   3.43473102201582559E-01
   3.33694687729843065E-01
   3.24194657180944201E-01
   1.00000000000000000E+00
   9.71530770796716903E-01
   9.43872038604862906E-01
   9.17000729199251019E-01
   8.90894425260099876E-01
   8.65531347671442908E-01
   8.40890337351958173E-01
   8.16950837603059199E-01
   7.93692876959523619E-01
   7.71097052528349813E-01
   7.49144513801944245E-01
   7.27816946932134612E-01
   7.07096559451889983E-01
   6.86966065432001227E-01
   6.67408671060340075E-01
   6.48408060631664673E-01
   6.29948382936285523E-01
   6.12014238036234892E-01
   5.94590664417908643E-01
   5.77663126510462921E-01
   5.61217502559551384E-01
   5.45240072846289392E-01
   5.29717508241613677E-01
   5.14636859086491150E-01
   4.99985544388700187E-01
   4.85751341327170016E-01
   4.71922375055124632E-01
   4.58487108793522613E-01
   4.45434334206529225E-01
   4.32753162050991735E-01
   4.20433013092116448E-01
   4.08463609277770145E-01
   3.96834965164040987E-01
   3.85537379584909190E-01
   3.74561427559073234E-01
   3.63897952427185090E-01
   3.53538058212930106E-01
   3.43473102201582559E-01
   3.33694687729843065E-01
   3.24194657180944201E-01
   5.00000000000000000E+01
   8.19230769230769283E+02
   1.58846153846153857E+03
   2.35769230769230762E+03
   3.12692307692307713E+03
   3.89615384615384619E+03
   4.66538461538461524E+03
   5.43461538461538476E+03
   6.20384615384615427E+03
   6.97307692307692287E+03
   7.74230769230769238E+03
   8.51153846153846098E+03
   9.28076923076923049E+03
   1.00500000000000000E+04
   1.08192307692307695E+04
   1.15884615384615390E+04
   1.23576923076923085E+04
   1.31269230769230762E+04
   1.38961538461538457E+04
   1.46653846153846152E+04
   1.54346153846153848E+04
   1.62038461538461543E+04
   1.69730769230769220E+04
   1.77423076923076915E+04
   1.85115384615384610E+04
   1.92807692307692305E+04
   2.00500000000000000E+04
   2.08192307692307695E+04
   2.15884615384615390E+04
   2.23576923076923085E+04
   2.31269230769230780E+04
   2.38961538461538476E+04
   2.46653846153846171E+04
   2.54346153846153829E+04
   2.62038461538461524E+04
   2.69730769230769220E+04
   2.77423076923076915E+04
   2.85115384615384610E+04
   2.92807692307692305E+04
   3.00500000000000000E+04
   5.00000000000000000E+01
   8.19230769230769283E+02
   1.58846153846153857E+03
   2.35769230769230762E+03
   3.12692307692307713E+03
   3.89615384615384619E+03
   4.66538461538461524E+03
   5.43461538461538476E+03
   6.20384615384615427E+03
   6.97307692307692287E+03
   7.74230769230769238E+03
   8.51153846153846098E+03
   9.28076923076923049E+03
   1.00500000000000000E+04
   1.08192307692307695E+04
   1.15884615384615390E+04
   1.23576923076923085E+04
   1.31269230769230762E+04
   1.38961538461538457E+04
   1.46653846153846152E+04
   1.54346153846153848E+04
   1.62038461538461543E+04
   1.69730769230769220E+04
   1.77423076923076915E+04
   1.85115384615384610E+04
   1.92807692307692305E+04
   2.00500000000000000E+04
   2.08192307692307695E+04
   2.15884615384615390E+04
   2.23576923076923085E+04
   2.31269230769230780E+04
   2.38961538461538476E+04
   2.46653846153846171E+04
   2.54346153846153829E+04
   2.62038461538461524E+04
   2.69730769230769220E+04
   2.77423076923076915E+04
   2.85115384615384610E+04
   2.92807692307692305E+04
   3.00500000000000000E+04
   5.00000000000000000E+01
   8.19230769230769283E+02
   1.58846153846153857E+03
   2.35769230769230762E+03
   3.12692307692307713E+03
   3.89615384615384619E+03
   4.66538461538461524E+03
   5.43461538461538476E+03
   6.20384615384615427E+03
   6.97307692307692287E+03
   7.74230769230769238E+03
   8.51153846153846098E+03
   9.28076923076923049E+03
   1.00500000000000000E+04
   1.08192307692307695E+04
   1.15884615384615390E+04
   1.23576923076923085E+04
   1.31269230769230762E+04
   1.38961538461538457E+04
   1.46653846153846152E+04
   1.54346153846153848E+04
   1.62038461538461543E+04
   1.69730769230769220E+04
   1.77423076923076915E+04
   1.85115384615384610E+04
   1.92807692307692305E+04
   2.00500000000000000E+04
   2.08192307692307695E+04
   2.15884615384615390E+04
   2.23576923076923085E+04
   2.31269230769230780E+04
   2.38961538461538476E+04
   2.46653846153846171E+04
   2.54346153846153829E+04
   2.62038461538461524E+04
   2.69730769230769220E+04
   2.77423076923076915E+04
   2.85115384615384610E+04
   2.92807692307692305E+04
   3.00500000000000000E+04
   5.00000000000000000E+01
   8.19230769230769283E+02
   1.58846153846153857E+03
   2.35769230769230762E+03
   3.12692307692307713E+03
   3.89615384615384619E+03
   4.66538461538461524E+03
   5.43461538461538476E+03
   6.20384615384615427E+03
   6.97307692307692287E+03
   7.74230769230769238E+03
   8.51153846153846098E+03
   9.28076923076923049E+03
   1.00500000000000000E+04
   1.08192307692307695E+04
   1.15884615384615390E+04
   1.23576923076923085E+04
   1.31269230769230762E+04
   1.38961538461538457E+04
   1.46653846153846152E+04
   1.54346153846153848E+04
   1.62038461538461543E+04
   1.69730769230769220E+04
   1.77423076923076915E+04
   1.85115384615384610E+04
   1.92807692307692305E+04
   2.00500000000000000E+04
   2.08192307692307695E+04
   2.15884615384615390E+04
   2.23576923076923085E+04
   2.31269230769230780E+04
   2.38961538461538476E+04
   2.46653846153846171E+04
   2.54346153846153829E+04
   2.62038461538461524E+04
   2.69730769230769220E+04
   2.77423076923076915E+04
   2.85115384615384610E+04
   2.92807692307692305E+04
   3.00500000000000000E+04
   5.00000000000000000E+01
   8.19230769230769283E+02
   1.58846153846153857E+03
   2.35769230769230762E+03
   3.12692307692307713E+03
   3.89615384615384619E+03
   4.66538461538461524E+03
   5.43461538461538476E+03
   6.20384615384615427E+03
   6.97307692307692287E+03
   7.74230769230769238E+03
   8.51153846153846098E+03
   9.28076923076923049E+03
   1.00500000000000000E+04
   1.08192307692307695E+04
   1.15884615384615390E+04
   1.23576923076923085E+04
   1.31269230769230762E+04
   1.38961538461538457E+04
   1.46653846153846152E+04
   1.54346153846153848E+04
   1.62038461538461543E+04
   1.69730769230769220E+04
   1.77423076923076915E+04
   1.85115384615384610E+04
   1.92807692307692305E+04
   2.00500000000000000E+04
   2.08192307692307695E+04
   2.15884615384615390E+04
   2.23576923076923085E+04
   2.31269230769230780E+04
   2.38961538461538476E+04
   2.46653846153846171E+04
   2.54346153846153829E+04
   2.62038461538461524E+04
   2.69730769230769220E+04
   2.77423076923076915E+04
   2.85115384615384610E+04
   2.92807692307692305E+04
   3.00500000000000000E+04
   2.99650889535977512E+02
   3.03014556028894219E+02
   3.06569450036411467E+02
   3.10138035189120330E+02
   3.13680884249772760E+02
   3.17185266711469978E+02
   3.20637424898627955E+02
   3.24024504987126818E+02
   3.27333655784244797E+02
   3.30552760689355978E+02
   3.33670816787839897E+02
   3.36623104247179697E+02
   3.39416161473105433E+02
   3.42083855120586406E+02
   3.44616439631492028E+02
   3.47003705939142719E+02
   3.49234962671935818E+02
   3.51299016653384967E+02
   3.53184152673479048E+02
   3.54878112505397951E+02
   3.56368073140729962E+02
   3.66810896631184903E+02
   3.77559731155377278E+02
   3.88623543900471986E+02
   4.00011564823393030E+02
   4.11733294350891356E+02
   4.23798511305250713E+02
   4.36217281062244638E+02
   4.48999963948150423E+02
   4.62157223882823530E+02
   4.75700037276045691E+02
   4.89639702184565238E+02
   5.03987847737472748E+02
   5.18756443837770121E+02
   5.33957811148232508E+02
   5.49604631369887670E+02
   5.65709957821693138E+02
   5.82287226330232556E+02
   5.99350266438519498E+02
   6.16913312943257779E+02
   2.97614283906994956E+02
   3.00938236522690431E+02
   3.04264112890390777E+02
   3.07589300724258806E+02
   3.10910165830676988E+02
   3.14237684085417584E+02
   3.17619579338268352E+02
   3.21035904877749203E+02
   3.24403511876995708E+02
   3.27704213935231280E+02
   3.30922301629221352E+02
   3.33875160539039427E+02
   3.36587693460829598E+02
   3.39172503162113344E+02
   3.41619774939044248E+02
   3.43919228553017035E+02
   3.46060099374918195E+02
   3.48031118824051191E+02
   3.49820494076588773E+02
   3.51415887017540399E+02
   3.56368073140729962E+02
   3.66810896631184903E+02
   3.77559731155377278E+02
   3.88623543900471986E+02
   4.00011564823393030E+02
   4.11733294350891356E+02
   4.23798511305250713E+02
   4.36217281062244638E+02
   4.48999963948150423E+02
   4.62157223882823530E+02
   4.75700037276045691E+02
   4.89639702184565238E+02
   5.03987847737472748E+02
   5.18756443837770121E+02
   5.33957811148232508E+02
   5.49604631369887670E+02
   5.65709957821693138E+02
   5.82287226330232556E+02
   5.99350266438519498E+02
   6.16913312943257779E+02
   2.95587311512948759E+02
   2.98876688643481771E+02
   3.02165830650493831E+02
   3.05451742936576181E+02
   3.08730133155802321E+02
   3.11994673335763821E+02
   3.15236280895325137E+02
   3.18442607744390557E+02
   3.21597977520299708E+02
   3.24877646285880701E+02
   3.28177191695447334E+02
   3.31127216830899215E+02
   3.33759225448553707E+02
   3.36261151203640281E+02
   3.38623110246596525E+02
   3.40834751166891294E+02
   3.42885236077900629E+02
   3.44763220994717358E+02
   3.46456835479698498E+02
   3.47953661529682904E+02
   3.56368073140729962E+02
   3.66810896631184903E+02
   3.77559731155377278E+02
   3.88623543900471986E+02
   4.00011564823393030E+02
   4.11733294350891356E+02
   4.23798511305250713E+02
   4.36217281062244638E+02
   4.48999963948150423E+02
   4.62157223882823530E+02
   4.75700037276045691E+02
   4.89639702184565238E+02
   5.03987847737472748E+02
   5.18756443837770121E+02
   5.33957811148232508E+02
   5.49604631369887670E+02
   5.65709957821693138E+02
   5.82287226330232556E+02
   5.99350266438519498E+02
   6.16913312943257779E+02
   2.93568941455399568E+02
   2.96822583024091728E+02
   3.00073747599061448E+02
   3.03318953451994332E+02
   3.06553147399029228E+02
   3.09768987473113896E+02
   3.12956230927727574E+02
   3.16101425512360606E+02
   3.19188110162644875E+02
   3.22197606218067108E+02
   3.25435516230431972E+02
   3.28379273122758946E+02
   3.30930757436277815E+02
   3.33349799245167219E+02
   3.35626445554148745E+02
   3.37750273780765610E+02
   3.39710372780883006E+02
   3.41495323165383525E+02
   3.43093176882808223E+02
   3.46222548785754100E+02
   3.56368073140729962E+02
   3.66810896631184903E+02
   3.77559731155377278E+02
   3.88623543900471986E+02
   4.00011564823393030E+02
   4.11733294350891356E+02
   4.23798511305250713E+02
   4.36217281062244638E+02
   4.48999963948150423E+02
   4.62157223882823530E+02
   4.75700037276045691E+02
   4.89639702184565238E+02
   5.03987847737472748E+02
   5.18756443837770121E+02
   5.33957811148232508E+02
   5.49604631369887670E+02
   5.65709957821693138E+02
   5.82287226330232556E+02
   5.99350266438519498E+02
   6.16913312943257779E+02
   2.91558220338019169E+02
   2.94774997774443591E+02
   2.97986932080076372E+02
   3.01189953948975415E+02
   3.04378164479355405E+02
   3.07543174314937517E+02
   3.10673636486431803E+02
   3.13755161953533786E+02
   3.16770770857105504E+02
   3.19701874469916561E+02
   3.22694704879896847E+02
   3.25631329414618733E+02
   3.28102289424001924E+02
   3.30438447286694100E+02
   3.32629780861700965E+02
   3.34665796394639870E+02
   3.36535509483865440E+02
   3.38227425336049748E+02
   3.39729518285917948E+02
   3.46222548785754100E+02
   3.56368073140729962E+02
   3.66810896631184903E+02
   3.77559731155377278E+02
   3.88623543900471986E+02
   4.00011564823393030E+02
   4.11733294350891356E+02
   4.23798511305250713E+02
   4.36217281062244638E+02
   4.48999963948150423E+02
   4.62157223882823530E+02
   4.75700037276045691E+02
   4.89639702184565238E+02
   5.03987847737472748E+02
   5.18756443837770121E+02
   5.33957811148232508E+02
   5.49604631369887670E+02
   5.65709957821693138E+02
   5.82287226330232556E+02
   5.99350266438519498E+02
   6.16913312943257779E+02
   2.17741167923945732E-02
   1.75395740592490627E-02
   1.39262040722377325E-02
   1.09188392342711976E-02
   8.45008585884461823E-03
   6.44703127986006024E-03
   4.84242449588829626E-03
   3.57434947923819177E-03
   2.58682082387449693E-03
   1.82971135574883917E-03
   1.25870004482725451E-03
   8.51225299540716500E-04
   5.68558297336574348E-04
   3.70551844178731527E-04
   2.35194994304291149E-04
   1.45074233642220236E-04
   8.67596997048674653E-05
   5.01746357373798445E-05
   2.79792347349983331E-05
   1.49959749676460096E-05
   7.69723817932098343E-06
   8.25742293506624031E-06
   8.84968905374814116E-06
   9.47452314135377482E-06
   1.01321523169142598E-05
   1.08224834976487805E-05
   1.15450327016762283E-05
   1.22988429309839122E-05
   1.30823890043357738E-05
   1.38934674919475893E-05
   1.47290696579373373E-05
   1.55852350392736247E-05
   1.64568829772600979E-05
   1.73376190650866047E-05
   1.82195130776827396E-05
   1.90928445024395494E-05
   1.99458112850483400E-05
   2.07641968366838776E-05
   2.15309897091020692E-05
   2.22259496240077433E-05
   1.92954458545621550E-02
   1.54922668365345094E-02
   1.23207975869814180E-02
   9.70112840997786920E-03
   7.55829010410355440E-03
   5.81724459653439052E-03
   4.39654706647494772E-03
   3.24461936087144494E-03
   2.33525508268539765E-03
   1.62526117763971936E-03
   1.07628720512532492E-03
   7.04271793636558293E-04
   4.66030963451251974E-04
   3.00683357849071767E-04
   1.88779420375557853E-04
   1.15078128182287401E-04
   6.79461901726334083E-05
   3.87522654346540650E-05
   2.12853597665924668E-05
   1.12216139709227254E-05
   7.69723817932098343E-06
   8.25742293506624031E-06
   8.84968905374814116E-06
   9.47452314135377482E-06
   1.01321523169142598E-05
   1.08224834976487805E-05
   1.15450327016762283E-05
   1.22988429309839122E-05
   1.30823890043357738E-05
   1.38934674919475893E-05
   1.47290696579373373E-05
   1.55852350392736247E-05
   1.64568829772600979E-05
   1.73376190650866047E-05
   1.82195130776827396E-05
   1.90928445024395494E-05
   1.99458112850483400E-05
   2.07641968366838776E-05
   2.15309897091020692E-05
   2.22259496240077433E-05
   1.70765299064664783E-02
   1.36622132432618303E-02
   1.08242676357525828E-02
   8.48812798493744566E-03
   6.58407146460630172E-03
   5.04788428905347201E-03
   3.82140818146922429E-03
   2.85289253047158343E-03
   2.09707635125058831E-03
   1.45503917519666554E-03
   9.24029822620310451E-04
   5.80571063287205007E-04
   3.80492941725359439E-04
   2.42953420633172244E-04
   1.50828065558383795E-04
   9.08298115931327943E-05
   5.29248326069316796E-05
   2.97543620742387248E-05
   1.60892599756035529E-05
   8.33848335096062921E-06
   7.69723817932098343E-06
   8.25742293506624031E-06
   8.84968905374814116E-06
   9.47452314135377482E-06
   1.01321523169142598E-05
   1.08224834976487805E-05
   1.15450327016762283E-05
   1.22988429309839122E-05
   1.30823890043357738E-05
   1.38934674919475893E-05
   1.47290696579373373E-05
   1.55852350392736247E-05
   1.64568829772600979E-05
   1.73376190650866047E-05
   1.82195130776827396E-05
   1.90928445024395494E-05
   1.99458112850483400E-05
   2.07641968366838776E-05
   2.15309897091020692E-05
   2.22259496240077433E-05
   1.50917585866525393E-02
   1.20299104739808281E-02
   9.49352092663115384E-03
   7.41301619242844875E-03
   5.72360368826802055E-03
   4.36591358688528681E-03
   3.28648388428604216E-03
   2.43801838826547415E-03
   1.77935992530565273E-03
   1.27517640345493118E-03
   7.97673805638128737E-04
   4.76803476611147232E-04
   3.09396845444558414E-04
   1.95447563356347236E-04
   1.19934792525348456E-04
   7.13222346361592357E-05
   4.09940733350556939E-05
   2.27067812123259646E-05
   1.20809499916538963E-05
   7.16844069237211392E-06
   7.69723817932098343E-06
   8.25742293506624031E-06
   8.84968905374814116E-06
   9.47452314135377482E-06
   1.01321523169142598E-05
   1.08224834976487805E-05
   1.15450327016762283E-05
   1.22988429309839122E-05
   1.30823890043357738E-05
   1.38934674919475893E-05
   1.47290696579373373E-05
   1.55852350392736247E-05
   1.64568829772600979E-05
   1.73376190650866047E-05
   1.82195130776827396E-05
   1.90928445024395494E-05
   1.99458112850483400E-05
   2.07641968366838776E-05
   2.15309897091020692E-05
   2.22259496240077433E-05
   1.33180500487234798E-02
   1.05755380710968166E-02
   8.31161907413991222E-03
   6.46140864312247289E-03
   4.96476453094406908E-03
   3.76688308928171522E-03
   2.81870542555427228E-03
   2.07707232008164230E-03
   1.50459358717334123E-03
   1.06925954797620014E-03
   6.94256361189463404E-04
   3.90068154468090858E-04
   2.50533712316756789E-04
   1.56519828753144355E-04
   9.49020866222810512E-05
   5.57066673027099068E-05
   3.15693947279632964E-05
   1.72194207365349221E-05
   9.00889131353500336E-06
   7.16844069237211392E-06
   7.69723817932098343E-06
   8.25742293506624031E-06
   8.84968905374814116E-06
   9.47452314135377482E-06
   1.01321523169142598E-05
   1.08224834976487805E-05
   1.15450327016762283E-05
   1.22988429309839122E-05
   1.30823890043357738E-05
   1.38934674919475893E-05
   1.47290696579373373E-05
   1.55852350392736247E-05
   1.64568829772600979E-05
   1.73376190650866047E-05
   1.82195130776827396E-05
   1.90928445024395494E-05
   1.99458112850483400E-05
   2.07641968366838776E-05
   2.15309897091020692E-05
   2.22259496240077433E-05
   6.28143373860437027E-05
   0.00000000000000000E+00
   0.00000000000000000E+00
   0.00000000000000000E+00
   0.00000000000000000E+00
   0.00000000000000000E+00
   0.00000000000000000E+00
   0.00000000000000000E+00
   0.00000000000000000E+00
   0.00000000000000000E+00
   0.00000000000000000E+00
   0.00000000000000000E+00
   0.00000000000000000E+00
   0.00000000000000000E+00
   0.00000000000000000E+00
   0.00000000000000000E+00
   0.00000000000000000E+00
   0.00000000000000000E+00
   0.00000000000000000E+00
   0.00000000000000000E+00
   0.00000000000000000E+00
   0.00000000000000000E+00
   0.00000000000000000E+00
   0.00000000000000000E+00
   0.00000000000000000E+00
   0.00000000000000000E+00
   0.00000000000000000E+00
   0.00000000000000000E+00
   0.00000000000000000E+00
   0.00000000000000000E+00
   0.00000000000000000E+00
   0.00000000000000000E+00
   0.00000000000000000E+00
   0.00000000000000000E+00
   0.00000000000000000E+00
   0.00000000000000000E+00
   0.00000000000000000E+00
   0.00000000000000000E+00
   0.00000000000000000E+00
   0.00000000000000000E+00
   4.65204096157165916E-05
   5.42988904997748317E-05
   5.54985467225862261E-05
   4.60969035177292148E-05
   2.41995827409307122E-05
   0.00000000000000000E+00
   0.00000000000000000E+00
   0.00000000000000000E+00
   0.00000000000000000E+00
   0.00000000000000000E+00
   0.00000000000000000E+00
   0.00000000000000000E+00
   0.00000000000000000E+00
   0.00000000000000000E+00
   0.00000000000000000E+00
   0.00000000000000000E+00
   0.00000000000000000E+00
   0.00000000000000000E+00
   0.00000000000000000E+00
   0.00000000000000000E+00
   0.00000000000000000E+00
   0.00000000000000000E+00
   0.00000000000000000E+00
   0.00000000000000000E+00
   0.00000000000000000E+00
   0.00000000000000000E+00
   0.00000000000000000E+00
   0.00000000000000000E+00
   0.00000000000000000E+00
   0.00000000000000000E+00
   0.00000000000000000E+00
   0.00000000000000000E+00
   0.00000000000000000E+00
   0.00000000000000000E+00
   0.00000000000000000E+00
   0.00000000000000000E+00
   0.00000000000000000E+00
   0.00000000000000000E+00
   0.00000000000000000E+00
   0.00000000000000000E+00
   1.60056890100478011E-05
   2.47008686614614574E-05
   3.66002241728949706E-05
   5.14292902547905379E-05
   6.63179691883782974E-05
   7.56034186066277558E-05
   7.29908385083625339E-05
   5.14534787700355562E-05
   6.47853912832247090E-06
   0.00000000000000000E+00
   0.00000000000000000E+00
   0.00000000000000000E+00
   0.00000000000000000E+00
   0.00000000000000000E+00
   0.00000000000000000E+00
   0.00000000000000000E+00
   0.00000000000000000E+00
   0.00000000000000000E+00
   0.00000000000000000E+00
   0.00000000000000000E+00
   0.00000000000000000E+00
   0.00000000000000000E+00
   0.00000000000000000E+00
   0.00000000000000000E+00
   0.00000000000000000E+00
   0.00000000000000000E+00
   0.00000000000000000E+00
   0.00000000000000000E+00
   0.00000000000000000E+00
   0.00000000000000000E+00
   0.00000000000000000E+00
   0.00000000000000000E+00
   0.00000000000000000E+00
   0.00000000000000000E+00
   0.00000000000000000E+00
   0.00000000000000000E+00
   0.00000000000000000E+00
   0.00000000000000000E+00
   0.00000000000000000E+00
   0.00000000000000000E+00
   6.27538193823750677E-06
   1.12600247039816486E-05
   1.96654250887124929E-05
   3.33354335648802921E-05
   5.40940027201878047E-05
   8.24815613271522930E-05
   1.12187043166142375E-04
   1.27089609919902658E-04
   1.05920022552399525E-04
   3.03051794761092593E-05
   0.00000000000000000E+00
   0.00000000000000000E+00
   0.00000000000000000E+00
   0.00000000000000000E+00
   0.00000000000000000E+00
   0.00000000000000000E+00
   0.00000000000000000E+00
   0.00000000000000000E+00
   0.00000000000000000E+00
   0.00000000000000000E+00
   0.00000000000000000E+00
   0.00000000000000000E+00
   0.00000000000000000E+00
   0.00000000000000000E+00
   0.00000000000000000E+00
   0.00000000000000000E+00
   0.00000000000000000E+00
   0.00000000000000000E+00
   0.00000000000000000E+00
   0.00000000000000000E+00
   0.00000000000000000E+00
   0.00000000000000000E+00
   0.00000000000000000E+00
   0.00000000000000000E+00
   0.00000000000000000E+00
   0.00000000000000000E+00
   0.00000000000000000E+00
   0.00000000000000000E+00
   0.00000000000000000E+00
   0.00000000000000000E+00
   2.47013594301596945E-06
   5.06203974183379048E-06
   1.02748335277005611E-05
   2.02377020730085478E-05
   3.82543286227516135E-05
   6.84288908874069394E-05
   1.12768530596125076E-04
   1.60390737720513937E-04
   1.74843687224483015E-04
   1.10578026016448203E-04
   0.00000000000000000E+00
   0.00000000000000000E+00
   0.00000000000000000E+00
   0.00000000000000000E+00
   0.00000000000000000E+00
   0.00000000000000000E+00
   0.00000000000000000E+00
   0.00000000000000000E+00
   0.00000000000000000E+00
   0.00000000000000000E+00
   0.00000000000000000E+00
   0.00000000000000000E+00
   0.00000000000000000E+00
   0.00000000000000000E+00
   0.00000000000000000E+00
   0.00000000000000000E+00
   0.00000000000000000E+00
   0.00000000000000000E+00
   0.00000000000000000E+00
   0.00000000000000000E+00
   0.00000000000000000E+00
   0.00000000000000000E+00
   0.00000000000000000E+00
   0.00000000000000000E+00
   0.00000000000000000E+00
   0.00000000000000000E+00
   0.00000000000000000E+00
   0.00000000000000000E+00
   0.00000000000000000E+00
   0.00000000000000000E+00
   2.28366547017674865E-05
   1.00802717957203551E-05
   3.86452774212375497E-06
   9.71990310151719665E-07
   4.96609947663167311E-08
   0.00000000000000000E+00
   0.00000000000000000E+00
   0.00000000000000000E+00
   0.00000000000000000E+00
   0.00000000000000000E+00
   0.00000000000000000E+00
   0.00000000000000000E+00
   0.00000000000000000E+00
   0.00000000000000000E+00
   0.00000000000000000E+00
   0.00000000000000000E+00
   0.00000000000000000E+00
   0.00000000000000000E+00
   0.00000000000000000E+00
   0.00000000000000000E+00
   0.00000000000000000E+00
   0.00000000000000000E+00
   0.00000000000000000E+00
   0.00000000000000000E+00
   0.00000000000000000E+00
   0.00000000000000000E+00
   0.00000000000000000E+00
   0.00000000000000000E+00
   0.00000000000000000E+00
   0.00000000000000000E+00
   0.00000000000000000E+00
   0.00000000000000000E+00
   0.00000000000000000E+00
   0.00000000000000000E+00
   0.00000000000000000E+00
   0.00000000000000000E+00
   0.00000000000000000E+00
   0.00000000000000000E+00
   0.00000000000000000E+00
   0.00000000000000000E+00
   1.19392993040162726E-04
   7.56457425386543683E-05
   4.43192782499589289E-05
   2.35678304879808481E-05
   1.11930198211426141E-05
   4.67478433356488747E-06
   1.61648527925511972E-06
   3.43770786557585437E-07
   1.45753325907855719E-08
   0.00000000000000000E+00
   0.00000000000000000E+00
   0.00000000000000000E+00
   0.00000000000000000E+00
   0.00000000000000000E+00
   0.00000000000000000E+00
   0.00000000000000000E+00
   0.00000000000000000E+00
   0.00000000000000000E+00
   0.00000000000000000E+00
   0.00000000000000000E+00
   0.00000000000000000E+00
   0.00000000000000000E+00
   0.00000000000000000E+00
   0.00000000000000000E+00
   0.00000000000000000E+00
   0.00000000000000000E+00
   0.00000000000000000E+00
   0.00000000000000000E+00
   0.00000000000000000E+00
   0.00000000000000000E+00
   0.00000000000000000E+00
   0.00000000000000000E+00
   0.00000000000000000E+00
   0.00000000000000000E+00
   0.00000000000000000E+00
   0.00000000000000000E+00
   0.00000000000000000E+00
   0.00000000000000000E+00
   0.00000000000000000E+00
   0.00000000000000000E+00
   2.13299281035339875E-04
   1.44194891941398882E-04
   9.27708287832867311E-05
   5.63225471268583933E-05
   3.17004585871162093E-05
   1.60573518164863158E-05
   7.00150431030084532E-06
   2.44555220061749482E-06
   5.99531567589944673E-07
   6.35632421788820319E-08
   0.00000000000000000E+00
   0.00000000000000000E+00
   0.00000000000000000E+00
   0.00000000000000000E+00
   0.00000000000000000E+00
   0.00000000000000000E+00
   0.00000000000000000E+00
   0.00000000000000000E+00
   0.00000000000000000E+00
   0.00000000000000000E+00
   0.00000000000000000E+00
   0.00000000000000000E+00
   0.00000000000000000E+00
   0.00000000000000000E+00
   0.00000000000000000E+00
   0.00000000000000000E+00
   0.00000000000000000E+00
   0.00000000000000000E+00
   0.00000000000000000E+00
   0.00000000000000000E+00
   0.00000000000000000E+00
   0.00000000000000000E+00
   0.00000000000000000E+00
   0.00000000000000000E+00
   0.00000000000000000E+00
   0.00000000000000000E+00
   0.00000000000000000E+00
   0.00000000000000000E+00
   0.00000000000000000E+00
   0.00000000000000000E+00
   2.81094181040614916E-04
   1.93309316102681589E-04
   1.28544159762788930E-04
   8.25830455191620941E-05
   5.08268741233478601E-05
   2.93136486940856933E-05
   1.51238804502610761E-05
   6.42293389185169604E-06
   1.94302345508846235E-06
   3.06525220564333111E-07
   0.00000000000000000E+00
   0.00000000000000000E+00
   0.00000000000000000E+00
   0.00000000000000000E+00
   0.00000000000000000E+00
   0.00000000000000000E+00
   0.00000000000000000E+00
   0.00000000000000000E+00
   0.00000000000000000E+00
   0.00000000000000000E+00
   0.00000000000000000E+00
   0.00000000000000000E+00
   0.00000000000000000E+00
   0.00000000000000000E+00
   0.00000000000000000E+00
   0.00000000000000000E+00
   0.00000000000000000E+00
   0.00000000000000000E+00
   0.00000000000000000E+00
   0.00000000000000000E+00
   0.00000000000000000E+00
   0.00000000000000000E+00
   0.00000000000000000E+00
   0.00000000000000000E+00
   0.00000000000000000E+00
   0.00000000000000000E+00
   0.00000000000000000E+00
   0.00000000000000000E+00
   0.00000000000000000E+00
   0.00000000000000000E+00
   3.44537383576288582E-04
   2.39980632409566652E-04
   1.62879549167131986E-04
   1.07967405675107105E-04
   6.97111626044474955E-05
   4.32672566718265381E-05
   2.49449332570293248E-05
   1.23818897080664729E-05
   4.53535821386588764E-06
   8.96269586704006986E-07
   2.89952942749354104E-08
   0.00000000000000000E+00
   0.00000000000000000E+00
   0.00000000000000000E+00
   0.00000000000000000E+00
   0.00000000000000000E+00
   0.00000000000000000E+00
   0.00000000000000000E+00
   0.00000000000000000E+00
   0.00000000000000000E+00
   0.00000000000000000E+00
   0.00000000000000000E+00
   0.00000000000000000E+00
   0.00000000000000000E+00
   0.00000000000000000E+00
   0.00000000000000000E+00
   0.00000000000000000E+00
   0.00000000000000000E+00
   0.00000000000000000E+00
   0.00000000000000000E+00
   0.00000000000000000E+00
   0.00000000000000000E+00
   0.00000000000000000E+00
   0.00000000000000000E+00
   0.00000000000000000E+00
   0.00000000000000000E+00
   0.00000000000000000E+00
   0.00000000000000000E+00
   0.00000000000000000E+00
   0.00000000000000000E+00
   5.14687873455905715E-07
   2.73933308392742529E-06
   5.56060405773388498E-06
   8.60025108431466645E-06
   1.17379499637312588E-05
